36.633350 
34.467861 
51.371743 
30.707812 
15.262645 
34.538632 
34.183919 
0.134490 
36.633350 
34.639635 
0.133431 
34.285178 
11.562425 
0.139362 
15.510036 
31.384306 
0.143798 
9.894221 
38.080391 
31.364750 
53.800000 
35.965392 
9.193653 
34.174360 
35.735753 
36.411562 
36.191372 
36.616083 
10.480695 
53.800000 
20.648006 
22.693424 
37.610153 
18.544156 
53.800000 
0.260931 
36.071978 
53.800000 
35.883626 
36.631980 
12.012911 
0.133334 
53.800000 
34.366462 
36.632996 
24.705518 
35.288851 
36.222623 
53.800000 
25.211267 
33.857904 
10.807722 
12.295541 
35.800242 
32.877434 
34.016768 
34.437830 
14.396097 
36.055488 
28.188965 
53.800000 
26.088668 
29.287406 
34.210130 
36.631669 
36.633228 
10.222825 
12.321357 
35.465278 
29.206817 
36.338460 
53.800000 
20.855895 
16.570934 
32.214616 
15.340637 
36.633350 
40.122129 
29.589557 
12.987866 
36.633339 
36.479096 
36.545534 
36.527140 
33.511766 
36.633347 
52.259387 
35.776153 
36.057134 
53.800000 
21.707899 
0.133334 
27.152012 
36.628741 
53.800000 
16.697707 
34.581756 
30.991693 
0.146337 
40.753121 
33.924836 
36.633350 
36.633350 
21.069033 
32.563297 
23.380438 
16.637099 
18.529823 
36.973026 
21.017777 
36.633350 
36.631838 
38.785383 
35.689813 
35.212215 
32.971516 
13.239643 
36.256596 
36.222150 
35.883335 
36.177473 
13.257616 
36.220547 
0.134637 
26.836443 
36.528635 
35.641909 
53.800000 
33.237000 
15.646299 
36.631839 
36.633350 
53.800000 
31.006139 
27.858181 
53.800000 
41.825766 
9.737372 
36.633342 
36.633350 
31.182710 
28.448532 
29.655716 
36.111461 
30.685174 
53.800000 
36.397478 
39.153191 
16.642138 
35.593697 
53.800000 
18.969873 
53.800000 
53.800000 
36.150886 
28.238297 
35.634805 
53.800000 
17.299353 
36.633220 
35.503619 
36.227447 
53.800000 
28.764253 
30.332615 
12.804031 
36.575250 
53.800000 
33.896028 
36.409344 
0.133424 
36.599162 
17.025650 
23.711288 
33.493252 
35.286885 
13.589568 
35.598097 
36.610311 
36.614113 
14.964459 
38.855617 
36.625072 
46.966098 
21.647981 
12.290821 
53.800000 
13.166687 
31.270802 
13.986229 
36.633350 
36.633350 
35.854412 
16.718194 
38.336858 
15.703852 
11.058965 
36.633350 
36.529077 
37.678696 
53.800000 
40.109551 
36.559334 
36.114780 
36.367736 
18.382345 
35.183122 
36.512553 
16.393224 
11.361816 
28.458526 
32.273721 
36.586236 
16.015327 
0.133459 
0.921250 
36.633116 
12.997024 
0.197012 
32.359451 
36.528962 
31.920240 
0.147417 
18.687473 
40.098729 
14.010829 
15.070705 
53.800000 
34.371501 
50.342949 
31.144892 
36.633350 
34.372486 
33.737076 
36.633350 
0.220618 
36.633350 
36.595598 
14.701260 
53.800000 
36.517414 
36.320113 
36.628721 
34.523519 
32.892080 
0.134217 
35.509825 
35.748438 
43.230178 
36.632751 
29.524053 
36.633350 
36.373650 
11.225406 
53.800000 
15.652175 
53.800000 
53.800000 
0.134951 
36.633350 
36.315251 
36.633350 
36.633350 
12.687917 
36.329623 
35.951366 
53.800000 
12.946232 
0.133399 
35.371852 
53.800000 
14.461799 
25.747922 
53.800000 
31.492413 
19.310047 
0.133334 
15.713164 
32.421687 
0.134241 
34.174264 
53.800000 
35.674996 
0.166990 
0.134006 
20.509853 
35.251709 
39.964935 
31.764652 
15.342967 
28.919897 
36.633320 
53.800000 
36.227603 
36.633350 
36.695707 
35.059156 
24.127285 
33.839414 
36.600364 
36.607134 
35.978136 
36.608537 
21.485109 
35.612919 
36.523526 
35.980212 
49.315999 
36.633350 
36.562377 
43.520934 
10.378376 
36.629660 
35.835154 
28.689618 
12.607502 
36.630406 
30.948820 
33.174360 
29.614017 
36.633249 
53.800000 
16.404925 
0.133335 
18.572998 
36.633350 
35.893541 
35.469613 
34.683491 
12.932189 
31.096364 
53.800000 
33.403671 
33.510549 
24.477782 
45.354942 
5.605341 
33.392433 
34.130758 
36.460840 
36.633350 
36.613028 
29.254274 
10.884712 
36.487207 
25.954578 
32.306361 
46.770257 
36.558756 
5.785820 
33.662030 
13.386480 
36.630773 
53.800000 
34.926146 
35.856921 
47.246412 
28.274581 
33.283217 
36.563461 
35.332577 
36.633350 
53.800000 
36.522328 
0.133334 
29.665612 
27.105029 
14.901898 
0.134417 
20.100480 
36.116204 
31.727784 
35.532839 
36.273051 
43.678110 
0.191896 
36.632613 
34.908393 
36.499888 
36.565748 
32.536402 
36.633350 
36.632421 
36.007658 
35.971119 
36.633348 
17.527858 
53.800000 
31.256692 
30.100172 
27.642123 
10.582568 
13.498603 
28.016852 
0.137910 
26.068515 
30.893572 
53.800000 
15.341530 
36.306743 
36.589598 
10.863437 
32.625709 
28.094527 
36.582255 
18.374514 
35.467279 
36.633350 
14.051533 
14.303655 
4.928926 
36.625186 
11.540996 
36.171435 
28.442713 
36.633350 
14.255598 
24.355947 
16.307338 
35.577941 
35.271746 
36.612489 
36.460061 
24.655263 
38.423062 
36.633350 
15.082805 
34.622095 
33.718168 
14.202113 
45.633929 
12.362422 
32.424278 
10.707467 
36.055236 
53.800000 
0.138089 
36.633348 
21.127765 
36.624808 
30.837535 
36.536611 
31.528377 
19.991425 
35.445115 
53.800000 
36.427024 
0.133340 
33.187319 
35.277453 
10.424002 
19.285013 
33.327885 
13.655446 
36.345129 
35.865276 
35.361671 
36.257691 
27.559783 
15.820417 
36.164791 
25.517912 
36.577097 
26.115731 
14.448518 
36.632551 
33.828948 
29.097044 
35.181149 
31.003272 
23.833383 
18.366701 
31.546627 
53.800000 
18.701449 
31.196104 
20.051753 
0.133405 
36.633350 
34.842266 
53.800000 
36.402969 
35.917052 
19.453175 
36.633350 
30.430897 
36.620950 
36.544577 
0.956793 
31.179214 
36.633350 
53.800000 
10.776012 
0.133334 
36.563462 
30.823299 
12.234108 
0.133698 
36.616771 
34.733128 
19.335431 
11.119960 
0.152403 
53.800000 
0.133566 
11.976097 
53.800000 
36.623667 
35.751013 
0.140835 
19.140486 
12.276225 
53.800000 
18.932926 
36.974155 
36.535551 
36.633350 
25.797765 
9.511709 
0.145074 
12.372171 
0.133338 
47.675026 
36.630711 
36.522170 
36.627534 
36.611187 
35.899787 
31.087069 
34.913933 
31.323717 
36.447044 
36.628325 
35.585763 
10.858901 
35.904697 
35.999885 
0.149375 
34.372391 
25.683393 
36.333960 
11.294310 
36.735832 
13.672835 
53.800000 
46.546548 
34.570086 
0.222014 
31.873691 
36.620986 
36.688915 
36.631692 
35.760675 
53.800000 
36.624559 
39.739382 
36.015828 
36.631285 
0.145768 
12.656660 
53.800000 
13.971698 
35.487455 
36.633350 
10.901160 
53.800000 
36.582986 
33.308891 
30.001870 
12.123657 
15.657755 
36.247657 
36.474483 
33.748168 
36.545874 
35.556032 
36.617169 
10.437096 
11.165167 
0.134689 
36.575219 
36.571644 
53.800000 
35.907237 
35.121449 
13.017562 
36.020606 
0.133348 
36.632217 
53.800000 
12.548744 
0.133385 
31.952662 
36.639205 
24.299990 
35.157498 
35.019868 
33.089549 
35.885843 
25.776690 
28.201720 
31.534814 
53.800000 
53.800000 
30.891297 
13.567008 
53.800000 
35.326138 
36.519241 
36.623399 
0.181375 
36.305873 
29.430253 
29.984301 
35.768993 
36.633350 
35.755571 
35.022504 
34.888355 
27.109523 
13.708231 
29.575285 
36.633350 
32.040259 
33.082185 
36.541316 
3.309335 
30.459849 
10.873996 
32.340905 
35.543647 
7.487199 
36.500727 
36.633350 
53.800000 
36.302912 
36.526220 
36.461299 
27.594437 
31.702462 
36.200586 
36.509522 
36.143853 
9.274231 
36.836016 
0.133568 
32.466797 
34.667398 
0.133335 
0.133474 
12.936937 
35.500767 
19.271933 
30.104213 
36.449576 
36.633328 
14.343618 
12.596756 
13.432377 
8.035739 
36.519813 
36.632224 
33.232259 
32.489831 
35.344938 
32.330310 
36.633350 
11.580807 
53.800000 
35.566838 
36.531043 
35.912908 
0.133338 
36.487345 
36.633343 
0.133545 
26.552902 
13.808245 
10.921834 
36.071824 
33.514342 
35.604945 
33.831655 
30.324896 
34.200407 
32.854516 
16.282825 
17.771626 
36.614952 
11.480595 
33.172506 
0.159372 
37.984495 
36.577261 
14.649208 
37.971030 
36.537182 
18.736914 
29.108333 
36.525310 
35.227970 
26.866688 
12.065014 
26.297087 
11.841800 
36.444802 
24.943503 
35.716890 
23.018775 
14.740202 
36.633350 
33.156879 
36.604017 
18.482512 
19.605531 
28.238877 
36.382396 
31.267126 
33.010629 
0.158114 
30.086644 
36.633348 
33.123065 
36.633331 
36.010066 
36.288316 
12.884392 
35.787259 
35.620234 
35.350421 
10.791782 
36.604825 
14.783884 
34.631286 
15.475954 
36.186182 
36.315778 
36.598008 
35.726645 
36.628923 
32.995797 
18.259818 
36.090409 
12.408203 
35.379447 
18.517034 
26.035877 
36.633344 
36.633350 
31.925942 
0.200063 
33.690546 
17.575451 
36.629422 
30.931788 
19.003884 
31.167004 
35.328117 
22.511005 
36.595769 
27.321498 
36.540040 
27.359971 
25.645746 
0.133355 
36.044198 
34.819670 
26.737813 
15.038231 
30.112712 
0.133355 
33.961670 
36.553834 
0.133341 
28.986837 
10.905655 
27.399321 
11.195129 
14.134323 
36.589385 
0.198755 
36.330291 
33.761823 
0.133400 
36.520470 
36.465861 
31.267422 
28.160095 
36.632384 
13.032750 
24.776202 
12.511617 
36.565148 
2.133489 
30.874028 
0.133334 
26.591836 
36.633350 
17.260880 
36.529261 
33.586153 
36.842511 
17.912580 
20.178297 
53.800000 
53.800000 
53.800000 
36.182448 
26.101598 
36.274787 
36.633350 
17.362113 
33.502886 
36.633350 
53.800000 
34.383699 
11.886221 
27.921054 
51.899083 
36.178019 
11.873962 
30.790348 
49.682231 
36.633350 
13.937601 
43.707118 
17.026514 
25.171405 
36.633311 
29.388478 
42.501781 
36.517463 
29.859655 
36.795267 
26.461661 
53.800000 
29.427847 
18.783940 
15.305656 
31.311756 
13.213800 
36.380996 
15.278293 
0.210226 
53.800000 
12.422050 
42.316247 
13.015373 
36.633350 
26.637097 
31.182322 
35.864434 
13.966270 
53.800000 
53.800000 
36.829037 
38.986957 
16.215816 
36.603199 
5.817741 
15.676818 
14.937355 
15.082735 
36.626475 
0.133350 
32.582337 
36.599736 
36.616906 
31.645697 
15.562601 
36.633350 
33.511038 
36.603688 
36.177672 
36.615435 
36.614596 
36.633350 
0.133335 
36.633350 
31.804121 
22.016290 
36.499621 
53.800000 
36.390528 
0.133343 
36.610328 
36.633350 
41.256594 
19.231650 
32.664631 
36.833494 
36.628948 
26.505783 
36.631438 
53.800000 
13.472670 
11.163226 
11.404559 
29.570466 
32.607297 
26.361897 
10.176901 
36.633350 
10.592655 
10.634049 
10.202438 
12.864653 
13.720928 
11.124060 
35.996146 
17.854619 
53.800000 
41.778237 
20.321240 
26.711556 
0.203494 
16.585407 
36.633350 
34.755342 
36.633350 
17.023728 
51.474144 
33.934605 
53.800000 
0.158952 
0.133358 
30.511619 
13.464057 
36.057562 
37.615480 
33.615126 
33.169964 
15.953924 
53.800000 
53.800000 
53.800000 
36.580600 
53.800000 
53.800000 
22.180856 
36.633350 
36.633350 
30.832620 
36.360339 
36.620921 
31.677929 
36.633349 
36.626267 
34.926013 
36.633350 
36.496224 
36.125911 
36.426136 
53.800000 
12.707918 
34.626566 
17.912738 
36.423945 
36.624698 
36.429967 
23.836391 
34.494199 
36.633350 
33.973366 
0.133521 
9.208641 
36.633350 
41.710695 
53.800000 
33.208094 
10.017107 
36.633343 
53.800000 
36.633350 
10.869126 
33.099143 
0.152913 
35.129566 
15.464743 
36.633349 
34.905890 
28.553460 
53.800000 
35.465889 
17.564765 
36.633350 
33.890206 
36.499483 
11.466363 
36.630793 
32.676850 
24.998813 
36.633337 
10.650999 
36.474537 
13.479341 
16.935127 
18.242814 
36.633334 
0.138604 
36.626657 
36.508011 
12.265088 
36.535383 
35.111596 
32.980298 
22.298585 
32.428406 
37.067543 
36.571149 
32.759905 
36.483345 
10.326942 
36.633350 
34.730204 
35.071957 
36.471139 
34.786762 
16.248053 
0.133513 
36.580338 
36.632692 
14.266462 
30.251118 
0.133544 
53.800000 
16.118131 
29.103360 
29.322126 
36.633350 
36.045868 
35.657418 
36.419388 
53.800000 
33.584127 
15.710830 
35.035633 
36.629826 
36.446446 
0.134022 
53.800000 
7.377427 
36.072513 
17.631374 
36.631648 
33.787170 
17.594652 
53.800000 
34.368556 
36.231587 
36.602700 
20.408894 
0.244866 
35.903991 
15.752712 
18.367679 
36.327605 
35.714368 
14.777255 
30.735575 
15.841853 
35.513618 
35.405196 
36.633207 
14.705882 
31.086998 
53.800000 
35.951943 
29.853532 
31.585819 
36.611809 
11.415263 
0.138759 
14.651877 
36.259828 
0.199992 
53.800000 
36.632236 
36.616646 
36.456681 
14.522094 
13.878978 
8.079090 
25.411793 
36.633350 
18.616578 
13.775612 
11.025454 
11.151729 
35.202419 
44.645695 
36.633342 
34.826935 
17.277280 
14.369267 
17.721638 
36.498892 
13.624100 
40.021723 
13.695733 
36.628105 
33.556658 
11.336431 
17.846286 
15.282173 
36.534489 
31.911435 
36.610453 
36.632799 
0.214097 
36.565198 
23.465447 
13.946571 
33.796166 
53.800000 
36.170922 
36.461938 
32.802903 
15.640638 
34.348726 
0.135170 
33.602408 
4.175289 
36.026828 
35.651532 
36.009479 
36.633350 
36.633350 
7.759013 
11.429975 
53.800000 
36.568039 
41.301368 
35.589608 
36.504334 
33.337015 
33.650918 
11.489945 
36.633350 
35.811382 
11.028039 
0.133811 
53.800000 
36.580984 
12.703826 
42.350056 
31.345940 
25.214776 
35.865959 
26.419736 
0.163917 
34.284302 
0.146415 
12.770193 
32.080031 
32.120816 
0.133336 
35.041136 
36.633349 
0.153404 
34.644306 
36.614883 
36.265815 
36.719110 
45.627995 
53.800000 
21.511944 
36.633350 
36.633350 
30.681624 
17.439359 
21.739803 
11.801423 
30.625510 
53.800000 
19.852548 
30.169940 
36.105335 
53.800000 
33.654196 
36.458378 
13.430061 
36.685369 
21.101054 
36.422556 
36.633350 
53.800000 
14.776495 
36.633350 
33.379051 
34.554195 
39.221777 
36.126948 
36.594952 
36.632642 
25.459219 
34.395017 
36.633350 
13.533086 
27.412642 
35.223116 
35.697443 
36.633350 
35.541928 
27.695951 
36.115663 
36.561989 
20.690053 
29.818026 
0.134589 
18.202992 
53.800000 
36.633350 
36.633350 
36.633350 
41.026890 
53.800000 
15.348597 
24.541928 
53.800000 
20.836578 
36.633212 
36.633078 
0.147128 
53.800000 
52.605187 
10.046542 
36.633350 
36.132111 
53.800000 
33.042315 
0.134211 
19.931231 
36.432703 
36.633350 
36.633350 
53.800000 
53.800000 
53.800000 
10.225493 
0.213371 
32.922626 
33.945338 
36.633350 
24.149376 
33.596827 
0.133892 
10.039614 
53.800000 
25.421495 
39.921322 
12.945779 
31.905287 
36.632722 
36.633350 
36.397067 
35.270670 
36.628250 
26.628814 
36.194120 
36.068992 
0.247965 
36.602503 
53.800000 
12.392230 
34.946088 
33.543827 
30.875819 
25.427621 
36.629874 
11.116063 
6.559933 
33.967201 
33.230000 
34.811189 
17.560763 
0.133378 
33.389683 
40.339072 
35.869852 
36.633350 
35.296120 
53.800000 
36.633347 
8.244121 
29.819464 
32.395696 
10.149213 
35.457952 
31.325355 
36.633335 
11.385500 
14.270753 
0.149985 
34.865773 
35.822684 
16.952198 
30.587102 
53.800000 
36.633350 
36.217280 
23.997922 
36.633350 
12.437433 
30.587897 
17.324271 
26.480716 
16.475283 
17.906612 
53.800000 
36.600609 
36.633321 
14.651849 
0.133336 
35.739962 
31.372672 
35.883790 
11.999118 
35.685649 
53.800000 
36.633350 
26.914763 
0.133346 
36.629322 
36.633349 
36.633350 
36.633350 
16.262830 
30.738504 
12.188715 
14.145233 
30.090717 
36.531739 
36.104698 
35.308635 
11.429615 
17.593140 
34.193151 
34.255250 
34.834906 
36.452187 
11.283946 
35.805145 
28.841861 
30.261774 
34.716386 
11.791582 
0.134896 
36.632263 
33.748038 
36.614260 
35.704739 
10.442022 
0.136951 
35.474537 
2.227397 
15.067562 
36.628450 
10.533586 
34.790720 
11.536139 
20.193816 
35.237563 
35.371458 
53.800000 
13.626654 
12.793995 
53.800000 
16.129240 
53.800000 
10.864242 
34.633980 
35.306337 
0.149220 
14.649986 
11.354590 
37.165638 
18.150547 
36.456249 
35.632264 
13.185374 
36.092847 
27.787807 
9.909069 
13.508902 
35.448955 
36.306571 
32.170882 
18.297485 
36.630296 
23.440932 
35.930008 
36.608827 
36.633350 
34.861206 
18.530159 
34.799322 
19.623504 
36.633343 
34.624605 
36.612250 
53.800000 
25.092474 
36.597497 
17.246967 
0.135125 
6.018076 
35.425328 
31.844999 
30.951562 
10.196165 
35.051788 
12.998081 
17.261731 
26.132410 
53.800000 
17.876210 
10.792777 
53.800000 
36.633350 
11.452912 
14.590581 
31.119636 
36.632442 
29.638118 
53.800000 
36.151428 
10.882962 
0.133385 
10.426682 
36.631033 
20.101183 
11.245821 
53.800000 
12.856425 
36.633350 
10.249836 
36.621467 
36.633350 
28.046077 
13.038577 
