44.313646 
43.035342 
37.406084 
38.904197 
45.082589 
42.469362 
44.404121 
49.000000 
37.478154 
43.549263 
41.403451 
45.683928 
43.076508 
42.858216 
44.487047 
46.217935 
43.144960 
45.374096 
37.657268 
43.272935 
38.169942 
43.098898 
45.485865 
40.816431 
37.452340 
44.002930 
42.280670 
45.156441 
43.340174 
45.731451 
38.171153 
42.960891 
41.083138 
41.574605 
40.722798 
40.756575 
45.391336 
42.224326 
46.545488 
41.735757 
38.396862 
43.584671 
47.810825 
44.300819 
48.399680 
44.063523 
42.067854 
43.060005 
43.473779 
43.374852 
42.433967 
43.242616 
38.308479 
39.363650 
40.643641 
37.911962 
43.013512 
44.938267 
38.055642 
42.933295 
40.799496 
43.943082 
40.689367 
44.785070 
45.617060 
48.136192 
41.038528 
43.268381 
41.818277 
43.593297 
44.421545 
41.916238 
40.850145 
40.039998 
44.713658 
41.746022 
42.769850 
39.249420 
38.526700 
40.151544 
38.126535 
42.880640 
38.460017 
40.063672 
18.602819 
39.502053 
46.125557 
43.852099 
37.954610 
39.044004 
41.142912 
49.000000 
43.368098 
49.000000 
39.531313 
44.135155 
41.852724 
35.719853 
42.195143 
37.842971 
43.127060 
42.434461 
17.981567 
40.788648 
41.749077 
42.615631 
45.016079 
45.115184 
37.649666 
49.000000 
37.396970 
44.806717 
45.185949 
44.779361 
40.940879 
37.764742 
39.586796 
41.430168 
39.250490 
42.556426 
36.285966 
41.317638 
42.591814 
41.079787 
42.516513 
43.684598 
43.209130 
39.239146 
43.199391 
42.351743 
37.564058 
27.683598 
37.581402 
43.900620 
41.290759 
48.494162 
42.113938 
41.315043 
45.636689 
25.654131 
44.877575 
42.758706 
45.019522 
45.320941 
42.607966 
37.478432 
38.090996 
42.549635 
43.031539 
43.677700 
37.588954 
39.835244 
37.009040 
44.997094 
42.897032 
41.907968 
45.141198 
38.089053 
41.821244 
46.295573 
42.364811 
48.380140 
37.700991 
43.888020 
44.645565 
41.765063 
42.659336 
43.273698 
37.817833 
30.721358 
39.161536 
38.332886 
42.791978 
39.115750 
27.759836 
42.458558 
39.012147 
41.885785 
43.087748 
42.857625 
44.238274 
42.897141 
46.458592 
43.358953 
41.427424 
42.593117 
46.530936 
38.080522 
43.169362 
44.204167 
46.262051 
20.718206 
43.768366 
42.119191 
48.451092 
44.094424 
43.434284 
32.768691 
42.732282 
39.915828 
42.779375 
40.659844 
45.479424 
43.768928 
49.000000 
43.645694 
37.385214 
41.569134 
42.843168 
43.076353 
41.565839 
42.200097 
43.952764 
44.182909 
43.228443 
20.675663 
46.006942 
44.042162 
40.479146 
40.838779 
49.000000 
43.744681 
42.903504 
42.877315 
41.862832 
42.247124 
41.683784 
45.959096 
42.250911 
39.418287 
38.675112 
37.039582 
42.416487 
43.951901 
36.819165 
40.121832 
45.042397 
34.890682 
41.979593 
37.212934 
19.009445 
42.967828 
46.364431 
38.866557 
44.875575 
40.834476 
42.937990 
42.897418 
46.099066 
37.841390 
41.437442 
37.522017 
44.385535 
44.155741 
40.175968 
42.722834 
39.266919 
37.282733 
44.735515 
24.346883 
42.626475 
44.528784 
19.279707 
42.085666 
41.543749 
27.042556 
39.949922 
43.535739 
41.192052 
42.842598 
41.841234 
41.883838 
39.205638 
38.931879 
41.514603 
41.931673 
49.000000 
31.265969 
42.645467 
42.707973 
43.226560 
42.641360 
42.003534 
43.517826 
43.735110 
42.739642 
43.572723 
42.420713 
42.304607 
42.724090 
43.482903 
40.381508 
42.857765 
37.727878 
19.516548 
37.588863 
42.236633 
42.376105 
43.293767 
45.478942 
37.563514 
49.000000 
44.796806 
42.281158 
39.907756 
44.974648 
46.289940 
43.846841 
17.874096 
42.301869 
45.833022 
42.957051 
45.931903 
43.536437 
46.425398 
42.517260 
42.583051 
43.488697 
43.168867 
41.673749 
44.469893 
41.769103 
38.124933 
40.618237 
42.323762 
17.963639 
44.756282 
42.377623 
42.316070 
42.806649 
37.769846 
42.256095 
43.245043 
45.522189 
37.930785 
37.415012 
41.846684 
49.000000 
42.423740 
35.811407 
36.338750 
49.000000 
39.794998 
45.728706 
38.343877 
45.027896 
43.293997 
39.730474 
42.245279 
44.418248 
42.141337 
40.397793 
41.624916 
39.722924 
40.421205 
44.079473 
49.000000 
39.406917 
40.236095 
37.928590 
39.726769 
36.369301 
41.379668 
34.182660 
40.529269 
44.115545 
39.549701 
37.326639 
41.774199 
38.554890 
39.945584 
43.027422 
41.911391 
40.157346 
37.918949 
43.999264 
32.059409 
41.897135 
22.378225 
42.198269 
49.000000 
17.816665 
43.527022 
32.365281 
42.905903 
37.087591 
43.930242 
42.527801 
42.801998 
43.767195 
43.484003 
43.490563 
42.154672 
44.429456 
39.094830 
43.948625 
43.817148 
42.615643 
45.628525 
42.542925 
42.717106 
40.204871 
40.612223 
41.898691 
42.731286 
40.355365 
37.234130 
36.979941 
42.609632 
41.694483 
41.740318 
46.158914 
43.861374 
39.389867 
41.232170 
17.917099 
30.633351 
42.844777 
40.839370 
41.003937 
42.950005 
43.012114 
45.697483 
43.085752 
45.688178 
36.716420 
42.631009 
45.095463 
45.829912 
45.283047 
37.445918 
29.164408 
46.236533 
42.919138 
46.011555 
46.180896 
40.754235 
37.245540 
42.514916 
42.780663 
37.917613 
44.393624 
43.557045 
42.905553 
45.265212 
42.385123 
30.298915 
41.527983 
20.956952 
44.812606 
41.104982 
42.187980 
42.947692 
42.550759 
42.921344 
45.925483 
42.795293 
28.720869 
47.584558 
38.967752 
39.452018 
38.313850 
42.367348 
41.691500 
42.801070 
45.658736 
45.091429 
44.800397 
45.611852 
46.002874 
45.187479 
43.754251 
45.502157 
42.471643 
44.264829 
43.925102 
45.115306 
40.613414 
27.154058 
43.026098 
38.372240 
37.833241 
43.169216 
44.483614 
36.902381 
45.641540 
38.163638 
44.997374 
42.692560 
42.845881 
36.901148 
41.157165 
44.502309 
44.451065 
43.789944 
42.060242 
44.557488 
42.778543 
39.285423 
46.334831 
39.853578 
43.707133 
42.943949 
38.866124 
40.275622 
45.245431 
39.175494 
45.672117 
42.361091 
40.112283 
35.986468 
40.200828 
40.088486 
40.017842 
45.766071 
45.155083 
37.064979 
40.881068 
43.249412 
43.098375 
39.205418 
41.561788 
37.715131 
45.439135 
42.681004 
45.886231 
38.049131 
41.786381 
23.277066 
19.909873 
41.539496 
37.664680 
44.378072 
43.233627 
44.458823 
18.649142 
45.275442 
43.140789 
43.112842 
43.254684 
45.032890 
41.892514 
43.729868 
39.866780 
40.343137 
40.274284 
43.904818 
42.906972 
44.757942 
44.350120 
42.930632 
42.837107 
49.000000 
39.419229 
45.701355 
39.229048 
42.761984 
45.076865 
49.000000 
42.882137 
44.192858 
43.960824 
43.647084 
27.306844 
40.898699 
40.174945 
42.961902 
42.959436 
46.087018 
45.215285 
45.681389 
38.019764 
46.000758 
37.810293 
45.404442 
44.213246 
45.759315 
39.019782 
44.976116 
41.791176 
37.209823 
45.482694 
17.816650 
37.687562 
42.614784 
38.870853 
41.470000 
43.079118 
43.541285 
49.000000 
37.371657 
42.725345 
44.483224 
47.584100 
42.011199 
42.285280 
30.149425 
41.793723 
41.774028 
39.915484 
43.482378 
44.444517 
40.308037 
41.183364 
39.798390 
41.192397 
39.533190 
42.319674 
40.118769 
38.047111 
42.123303 
43.400587 
43.773581 
44.298388 
45.390954 
24.386285 
37.152603 
44.698137 
43.589296 
44.812093 
33.102573 
23.650661 
18.540461 
43.586172 
44.571468 
44.205498 
44.018891 
41.951697 
41.948363 
37.755325 
44.394586 
41.711341 
40.771328 
17.816770 
42.067137 
43.627074 
42.520349 
44.128145 
40.466669 
42.292630 
43.470562 
45.778898 
39.901121 
42.078127 
37.531901 
42.268514 
41.553588 
47.350960 
40.743581 
40.991670 
43.392019 
40.047294 
42.207462 
45.179191 
45.350829 
37.485481 
40.439861 
42.823864 
42.588144 
43.422698 
42.961712 
37.371999 
42.584745 
41.166560 
41.735528 
41.238527 
37.027650 
44.390561 
39.335069 
45.185564 
37.730594 
49.000000 
40.178104 
37.952403 
37.721428 
39.542122 
43.584423 
42.730701 
41.971281 
44.135105 
44.861713 
49.000000 
42.153844 
37.896452 
38.040331 
38.595922 
42.798853 
37.376451 
44.020673 
42.172125 
44.807324 
39.373629 
44.344531 
43.065375 
41.929478 
46.557931 
39.393536 
40.787180 
42.743043 
37.986766 
43.192525 
42.096573 
42.333319 
42.534178 
42.309941 
38.136583 
44.715602 
39.494361 
43.079895 
29.155378 
37.067746 
43.671343 
37.107871 
37.682646 
40.294228 
44.421627 
49.000000 
45.759404 
42.996220 
42.570032 
44.470920 
18.174839 
45.632561 
38.066362 
44.884944 
46.212552 
43.796538 
45.379095 
43.709580 
46.641524 
43.165537 
39.852878 
42.246338 
44.231316 
40.680760 
44.671669 
37.424824 
44.743326 
43.891693 
44.870035 
43.663974 
44.190304 
44.203951 
39.837198 
46.520068 
43.851452 
45.044969 
37.674270 
17.820195 
37.821465 
42.285696 
44.830549 
39.640202 
41.293952 
43.378955 
42.917901 
42.926321 
41.339885 
21.063115 
41.528532 
43.636564 
42.048966 
42.157607 
44.673614 
49.000000 
41.766479 
38.696725 
41.710947 
44.502155 
49.000000 
39.979604 
42.250754 
39.077479 
41.410400 
41.445271 
40.959771 
43.605157 
42.598226 
41.077940 
44.744824 
42.383666 
45.484997 
40.982051 
42.932797 
43.849689 
45.585171 
43.454144 
45.266621 
38.096868 
43.674766 
41.162907 
38.990032 
21.373727 
45.443591 
40.399329 
40.774554 
40.622846 
37.180621 
39.407496 
43.567222 
41.217827 
43.198507 
43.931920 
43.212474 
40.432456 
43.946636 
38.409948 
37.830510 
42.959516 
42.928986 
36.809895 
39.905469 
38.559889 
45.366976 
39.680958 
41.921667 
39.877880 
41.711216 
44.737060 
40.088886 
43.041013 
45.199527 
40.196489 
45.584479 
39.319041 
41.379079 
41.313323 
39.597422 
46.108993 
43.435657 
43.481460 
39.276425 
40.665929 
44.105891 
42.757200 
42.568733 
42.483219 
42.632600 
42.790626 
42.783557 
42.402418 
46.245155 
39.428797 
47.684735 
44.120987 
39.627309 
37.605006 
39.394623 
46.046584 
42.415753 
38.090339 
41.450266 
41.900941 
40.956735 
41.373472 
45.651188 
46.255299 
44.558260 
41.770720 
42.045622 
37.069262 
44.390861 
44.163644 
42.530734 
41.244105 
43.867398 
39.717533 
47.411844 
45.247561 
42.819798 
45.014573 
38.507066 
45.618734 
45.946446 
41.611695 
42.304290 
25.471782 
49.000000 
28.168648 
43.534221 
43.421349 
42.420682 
49.000000 
44.952348 
42.489978 
42.085652 
44.790489 
45.545580 
43.361732 
43.032745 
45.075730 
45.265461 
43.662742 
42.597245 
39.378690 
42.492632 
42.707969 
39.770066 
39.763578 
40.510775 
43.411091 
41.657749 
46.321556 
43.782403 
44.653315 
41.058041 
39.642793 
40.485636 
35.708757 
38.644127 
44.457681 
38.615145 
37.459255 
42.598844 
42.067642 
42.713034 
41.221603 
45.836575 
43.986258 
40.977339 
40.906477 
41.398151 
44.923288 
40.991176 
42.369451 
43.926952 
40.195690 
41.220606 
40.816162 
44.102319 
38.876474 
40.232579 
44.335660 
37.098120 
42.704520 
39.344559 
42.187032 
37.088045 
40.181780 
43.251300 
37.040012 
36.905034 
41.483822 
44.664546 
40.160375 
41.374865 
36.938742 
18.005231 
43.557241 
24.779116 
45.834275 
38.111555 
45.772960 
37.924388 
44.285999 
46.580934 
41.401640 
43.854444 
44.416275 
45.887418 
40.706760 
38.792741 
17.855358 
44.588359 
42.888751 
44.017775 
37.139364 
41.406021 
46.074822 
42.886937 
45.584118 
37.237383 
38.884910 
18.015918 
44.023971 
43.538993 
49.000000 
46.431245 
45.749835 
37.748015 
42.325216 
42.835595 
41.115799 
42.697917 
40.226435 
37.324040 
38.826350 
44.960865 
39.578769 
42.975171 
42.015475 
39.663646 
37.209422 
40.694469 
46.573529 
40.705856 
43.131479 
39.773274 
45.648551 
40.721927 
37.736754 
43.293956 
41.050381 
45.171603 
40.730019 
38.711376 
42.246095 
46.301570 
40.493005 
45.535259 
38.189787 
44.079153 
44.584962 
17.994920 
40.624942 
38.155765 
43.341914 
40.936577 
45.705947 
41.952510 
45.210438 
44.276557 
43.737678 
42.682135 
42.098800 
42.712680 
41.762175 
46.306021 
44.161981 
36.919970 
45.845493 
41.698535 
39.719659 
38.706635 
41.654784 
40.502072 
39.935718 
37.131872 
46.001591 
39.997329 
39.404195 
42.552023 
43.171386 
44.658048 
39.691002 
38.091090 
41.214719 
39.313187 
45.143007 
42.181200 
36.462776 
42.448390 
41.690528 
37.752315 
43.489976 
44.890866 
45.575912 
38.063300 
38.880370 
42.211997 
40.468425 
37.837015 
43.866034 
42.383950 
41.210149 
43.582226 
39.593236 
43.364114 
41.226088 
45.779209 
45.174709 
39.728013 
45.113832 
38.258009 
45.986183 
41.665202 
42.690008 
44.391798 
49.000000 
41.943061 
45.563779 
41.218837 
40.955435 
42.803584 
37.288893 
45.078470 
45.288324 
43.736328 
40.244969 
46.252543 
37.691553 
38.089070 
39.697280 
42.037951 
41.499680 
42.721335 
40.236161 
44.677449 
41.164138 
42.460398 
37.316534 
42.243501 
41.669363 
40.828656 
43.831697 
38.266646 
36.980481 
43.096980 
32.321964 
39.660712 
39.344390 
39.596370 
44.942391 
41.800256 
42.850004 
49.000000 
44.911330 
44.329089 
45.405749 
38.170057 
42.545834 
42.985335 
46.325379 
43.840624 
40.211922 
42.569617 
44.366166 
17.859814 
42.848187 
41.108601 
41.944646 
40.337404 
41.011138 
43.403793 
46.340624 
30.817515 
42.723263 
43.143746 
46.217029 
32.830050 
38.508574 
49.000000 
44.440248 
40.041424 
45.042961 
49.000000 
43.255403 
38.688832 
45.451193 
43.449968 
40.282107 
37.800403 
40.240985 
43.125800 
42.453349 
41.661322 
41.056575 
43.978823 
42.624341 
40.121964 
39.756145 
46.897239 
46.224005 
37.879536 
40.255073 
38.747428 
45.347216 
37.267093 
17.817507 
43.945055 
42.598492 
39.795257 
43.849470 
41.074242 
39.955373 
43.138492 
44.553417 
37.690567 
38.544260 
41.013074 
38.124807 
43.516427 
42.682183 
44.984069 
45.192783 
36.952680 
38.668167 
42.891396 
36.962765 
38.137518 
23.450823 
43.357489 
44.509585 
44.070868 
43.361877 
43.227654 
38.872056 
21.569885 
46.005083 
45.272823 
41.376704 
37.913842 
36.954971 
45.250456 
41.382196 
42.603060 
39.526072 
42.106281 
42.208732 
43.466738 
42.274884 
40.596639 
20.693215 
25.358515 
20.199883 
45.557982 
43.431550 
38.674575 
44.008596 
37.886152 
42.681928 
19.815530 
37.848192 
43.232921 
39.708838 
40.763189 
43.035869 
37.695425 
39.942661 
41.366551 
37.725991 
40.792447 
42.352384 
42.912979 
37.071151 
36.947708 
40.842033 
39.305585 
49.000000 
44.535314 
40.827616 
45.237322 
43.121394 
36.920347 
38.425149 
43.329451 
44.758827 
29.644619 
41.421095 
42.260758 
40.039608 
43.778270 
45.189748 
40.619842 
37.291970 
44.500024 
41.480349 
45.810489 
40.692735 
43.097502 
43.212437 
41.143937 
44.037891 
39.113194 
42.082697 
38.145384 
42.876444 
43.290596 
40.790312 
45.607166 
44.565891 
42.340709 
39.781299 
42.969025 
39.970646 
42.273815 
41.186739 
41.954307 
44.173849 
49.000000 
37.244433 
44.614891 
40.385675 
49.000000 
42.539384 
39.974483 
45.708256 
33.105904 
41.539071 
42.940293 
38.055380 
44.502942 
39.254042 
40.551516 
45.099064 
47.199324 
40.607684 
40.483930 
40.147437 
37.577273 
37.934732 
42.351943 
37.806501 
42.583096 
41.825030 
39.329717 
44.240854 
43.299116 
40.282965 
42.180825 
39.587989 
37.488760 
40.812883 
40.191716 
37.645341 
40.955485 
44.524076 
44.753082 
37.408175 
37.304311 
37.221810 
38.690129 
42.089078 
46.920422 
45.732755 
37.935468 
46.351543 
44.477773 
45.852950 
42.331818 
43.945224 
42.137394 
42.277811 
43.495722 
42.389191 
39.835114 
43.904703 
38.831053 
42.518728 
38.290569 
44.806943 
41.719346 
37.579530 
40.384569 
43.717553 
42.212786 
42.336372 
42.573956 
43.957121 
43.819179 
46.420466 
37.992985 
42.058670 
41.518544 
28.381606 
43.986664 
40.437322 
38.057823 
42.579307 
43.503501 
41.930910 
43.982576 
40.928324 
45.326186 
40.048509 
42.801825 
43.054708 
40.234970 
42.321217 
44.245611 
40.991851 
44.044081 
42.401327 
43.974768 
40.433318 
43.604251 
43.427246 
46.058060 
44.408832 
42.835870 
42.066172 
42.730069 
42.475156 
40.703452 
43.674133 
44.546487 
43.862553 
39.031267 
42.539596 
42.966665 
42.339153 
41.794355 
39.530658 
37.232874 
41.719649 
40.962970 
45.102982 
43.275268 
37.071474 
42.240547 
43.402845 
45.565091 
41.567560 
43.645521 
42.969627 
40.866935 
42.465454 
42.682705 
40.929583 
42.908822 
40.581186 
41.587468 
43.279992 
44.063705 
42.365918 
45.423906 
45.649398 
41.420080 
39.961543 
36.976229 
41.836055 
42.032633 
42.542385 
45.636829 
40.526275 
39.730995 
24.104411 
42.237193 
42.210252 
44.363897 
41.278582 
43.426622 
39.211414 
43.411128 
44.697948 
37.136572 
42.840987 
37.163818 
45.918490 
42.918162 
45.405121 
