5.934622 
24.127298 
18.731999 
17.952771 
17.785826 
27.961008 
7.813944 
11.009456 
10.525370 
6.626093 
31.492021 
8.349232 
29.584217 
32.085757 
6.599040 
26.754012 
23.387461 
30.916237 
11.126266 
10.946246 
17.906913 
21.070591 
30.806859 
11.913530 
20.705092 
19.172741 
24.203314 
6.914710 
24.143822 
11.142911 
23.894354 
10.173498 
16.103768 
20.567322 
9.844036 
20.714269 
7.169608 
13.876378 
22.139192 
3.732495 
33.993020 
11.179697 
18.839474 
11.662851 
8.368103 
23.036984 
20.089338 
11.580142 
6.865815 
24.708643 
16.446484 
28.349266 
23.097263 
20.916523 
27.266789 
25.665043 
10.738305 
16.600153 
16.037459 
30.858661 
17.681608 
31.267831 
20.848982 
22.735128 
9.994184 
5.382816 
31.474745 
27.364039 
9.648174 
10.975507 
18.044238 
11.029478 
19.545088 
11.007954 
27.407968 
16.817422 
6.455041 
11.384305 
14.612479 
6.800871 
4.886631 
11.007601 
16.648236 
17.761178 
14.752651 
5.014642 
19.023650 
6.749592 
17.246177 
15.774724 
23.196119 
11.154565 
23.578017 
10.777143 
16.810526 
30.628929 
15.404135 
14.566964 
17.801651 
16.589592 
17.942620 
6.525507 
4.145316 
6.461027 
11.016173 
26.403894 
25.885374 
22.056999 
15.539182 
10.430794 
6.882143 
18.337312 
5.192519 
10.292846 
13.576213 
17.269126 
20.220805 
15.463694 
12.955837 
8.999454 
27.789449 
14.627324 
26.941457 
13.485380 
7.044474 
17.585466 
13.617482 
6.397898 
10.468934 
25.582631 
7.257192 
5.810780 
17.548014 
13.580739 
26.569099 
2.910419 
12.844649 
6.796101 
18.835981 
5.923639 
20.937510 
23.084390 
7.266771 
16.688438 
21.339771 
16.837851 
17.466745 
17.977287 
23.756328 
11.019650 
13.841715 
25.111473 
16.778540 
17.049071 
24.594564 
29.919299 
20.358094 
17.220763 
18.373489 
8.665080 
22.900543 
12.194839 
17.098114 
16.128065 
28.465256 
24.681918 
11.942232 
12.161629 
27.527223 
9.877462 
22.690980 
13.755911 
14.998868 
7.426422 
33.667682 
16.031672 
26.533165 
16.676091 
15.293317 
8.390739 
30.784726 
2.203367 
6.034232 
14.501394 
24.077015 
28.685605 
14.970916 
27.485214 
13.836563 
28.286576 
5.437764 
1.722828 
7.218244 
28.096607 
3.529144 
12.252585 
14.083281 
7.069006 
16.205839 
14.205926 
17.063156 
16.265141 
7.406357 
25.135392 
6.205942 
27.570498 
11.355471 
10.606527 
27.344625 
27.500728 
16.572726 
24.343961 
14.558157 
27.388790 
35.008831 
37.764019 
16.588361 
32.156687 
24.013238 
7.078144 
13.301062 
17.955933 
27.977240 
10.996866 
17.992836 
17.509750 
21.919654 
12.968480 
20.068836 
17.117856 
11.315718 
4.084229 
22.075267 
14.486619 
11.357739 
32.404465 
13.534149 
10.563499 
14.411205 
17.106009 
25.930665 
15.592573 
4.766497 
11.307991 
24.741174 
22.186727 
15.118427 
6.476598 
10.805954 
17.602240 
21.651815 
8.679766 
14.421832 
31.205048 
18.230151 
29.244965 
18.162993 
14.950637 
20.556417 
6.610552 
23.032273 
6.524224 
6.927501 
15.960565 
16.164086 
19.826165 
10.636540 
31.684365 
35.338501 
12.408201 
17.911751 
26.143282 
23.964757 
11.971546 
27.802748 
20.456541 
2.714948 
28.065540 
12.693612 
34.870391 
18.965155 
15.190725 
13.492365 
10.396581 
33.577416 
30.012485 
13.373725 
13.840765 
18.772509 
19.940732 
31.705706 
4.874862 
18.575893 
17.204377 
5.174133 
12.826336 
25.372078 
10.098553 
8.404120 
9.512039 
18.428350 
18.531045 
8.715102 
22.015387 
17.793383 
16.215483 
17.469882 
12.298359 
10.960972 
20.624067 
15.827844 
25.901946 
14.948757 
24.425734 
4.867826 
26.324414 
10.062073 
29.614565 
21.188310 
19.537023 
15.179678 
14.993325 
11.335619 
35.145552 
14.627481 
8.346698 
14.588913 
19.552295 
22.079289 
15.413304 
23.975087 
11.523244 
6.505434 
19.224348 
33.891332 
13.777597 
34.585954 
31.444203 
7.147942 
18.928536 
6.926420 
7.225696 
28.035904 
30.589501 
12.201057 
28.245497 
6.136710 
10.090718 
10.488212 
21.999601 
28.515591 
25.630701 
6.911616 
11.524088 
21.081051 
25.345824 
9.030141 
18.114696 
15.908167 
12.346938 
13.224929 
6.505449 
11.104798 
21.636565 
26.751458 
29.651227 
21.210940 
29.341804 
30.468582 
28.818388 
10.798523 
20.367930 
15.163064 
13.627088 
24.880937 
18.362052 
9.336963 
6.275967 
24.082328 
6.154767 
8.736830 
0.793278 
6.070733 
28.160890 
13.177035 
6.578382 
13.589535 
15.326487 
29.053107 
27.578677 
27.310070 
27.398169 
28.668220 
24.090431 
18.345512 
7.836355 
28.700206 
25.622927 
15.371737 
12.645279 
13.810591 
16.570416 
16.089026 
32.643281 
21.910464 
24.517433 
26.608392 
1.743703 
24.271425 
30.508069 
28.678570 
14.611640 
30.176760 
29.179971 
14.538374 
9.651143 
33.300431 
11.853286 
28.133235 
7.270259 
13.502466 
7.194854 
22.837522 
27.992514 
10.763023 
8.398382 
30.056030 
24.497509 
21.998896 
26.745153 
17.150799 
31.929294 
13.086516 
32.244481 
22.365474 
16.451641 
37.624714 
3.810436 
21.136949 
7.481966 
17.156323 
21.916298 
29.911812 
24.462909 
15.912764 
17.486883 
29.680959 
31.233142 
11.517386 
14.373276 
26.044891 
21.971081 
24.201056 
27.064528 
17.790940 
12.870647 
8.989531 
19.196067 
35.882205 
18.673657 
26.141873 
23.317614 
19.262158 
20.120244 
26.896749 
10.937236 
13.517151 
21.436625 
30.584890 
21.141481 
11.120901 
26.802085 
18.199081 
18.069950 
26.408372 
25.976630 
28.212995 
34.190099 
1.895682 
22.041399 
17.006032 
13.006889 
27.372202 
29.352204 
0.943024 
18.151128 
10.978640 
13.593809 
30.936600 
21.085431 
6.547606 
20.249488 
29.305339 
36.395290 
20.896795 
21.383788 
31.393173 
10.802866 
10.947855 
16.093432 
27.622162 
32.160691 
33.302944 
17.865417 
31.145135 
31.104062 
18.150179 
6.365665 
10.594512 
23.697400 
30.175271 
33.482463 
15.611900 
20.666029 
17.791306 
13.254550 
1.735514 
24.081305 
31.109998 
35.712964 
13.646523 
31.917026 
10.327288 
4.536180 
23.922296 
18.948529 
13.588293 
14.395650 
36.446075 
35.896519 
17.979443 
17.305408 
9.135495 
19.029507 
28.635245 
27.209770 
19.501538 
34.716323 
16.669480 
19.212807 
13.176199 
20.275150 
9.713213 
21.082408 
10.597178 
7.348463 
19.012118 
3.555992 
21.249417 
6.655266 
6.395873 
2.046274 
11.227293 
11.790869 
11.957153 
14.108043 
20.892181 
11.582435 
10.958625 
11.988829 
13.847271 
30.344890 
10.652742 
7.217035 
27.481846 
17.485202 
8.113224 
19.435362 
13.592941 
30.275991 
20.912980 
5.058854 
22.746989 
18.269214 
6.875041 
28.734574 
13.387042 
30.000686 
28.997930 
30.907059 
22.303915 
9.567972 
0.250112 
25.929110 
19.212415 
29.260281 
9.615493 
28.541947 
11.300389 
11.350627 
21.791242 
33.231558 
12.773129 
6.979187 
22.885398 
24.683986 
31.295003 
21.482410 
21.133181 
19.524435 
12.989562 
13.149939 
17.542197 
13.106898 
15.180338 
20.505592 
18.163275 
30.481579 
23.230269 
8.664924 
34.424950 
23.473433 
18.892990 
15.907911 
27.998930 
1.794915 
18.296044 
13.734758 
15.203121 
27.386234 
33.650923 
31.086309 
10.919185 
27.249524 
24.043669 
27.125156 
32.448752 
28.145712 
3.408611 
29.249607 
17.566348 
27.742681 
17.037926 
1.093050 
7.045630 
13.843787 
10.501941 
29.101311 
22.435476 
18.266370 
10.108166 
20.124511 
19.435501 
32.494416 
14.774017 
29.566639 
29.950934 
30.661777 
35.243572 
14.463337 
25.836776 
26.391950 
25.545914 
24.606890 
15.120151 
3.431993 
29.439624 
18.102504 
28.795371 
31.351731 
12.646939 
20.921794 
14.861245 
23.525779 
14.902044 
29.305976 
6.191176 
31.546443 
10.408423 
24.052679 
18.023143 
18.488142 
2.662969 
20.053609 
13.739304 
28.633435 
11.110522 
18.337462 
25.046870 
13.038505 
26.148551 
12.312956 
17.976982 
18.059289 
17.668343 
18.176923 
18.441920 
28.406893 
3.940778 
13.921587 
19.831122 
17.856238 
5.299034 
13.576369 
28.699151 
3.362279 
14.295286 
29.281773 
19.762628 
20.363007 
16.911604 
22.613013 
17.504462 
27.552649 
28.282983 
14.269627 
15.822997 
25.676469 
20.976146 
18.028698 
11.178315 
15.255966 
17.505877 
17.809629 
29.109883 
23.255090 
10.774812 
19.035415 
24.295772 
7.728043 
28.595037 
19.235128 
20.468589 
9.172645 
14.154756 
22.550515 
18.567583 
20.411773 
10.302277 
18.006685 
31.345974 
16.535706 
29.541023 
14.965116 
18.362758 
27.851557 
13.666917 
24.567891 
18.137135 
11.157662 
12.582590 
30.463930 
16.363680 
28.982758 
18.239220 
25.089575 
28.622033 
19.655764 
1.009550 
24.952363 
18.873341 
23.856874 
29.174346 
5.239478 
13.884519 
3.817563 
19.230512 
15.534001 
27.252989 
15.159953 
27.230692 
22.991749 
22.971872 
22.324638 
36.347750 
16.638394 
17.919575 
21.720604 
27.893578 
35.898196 
31.683924 
14.233565 
17.090106 
34.804759 
6.274650 
16.457789 
28.571482 
27.180671 
27.755193 
12.062003 
10.386018 
14.729098 
16.104144 
16.703003 
12.678892 
7.260645 
17.090071 
30.574193 
10.660368 
23.749130 
13.873523 
28.734942 
7.061161 
16.696698 
15.277455 
37.286701 
18.158401 
3.790116 
19.220023 
3.476556 
21.291721 
12.591194 
6.231345 
26.351182 
18.634466 
14.112106 
17.291204 
12.489103 
29.737531 
13.945712 
1.362324 
27.268589 
16.160506 
1.710396 
18.053736 
5.777967 
25.083067 
22.749450 
11.098019 
11.200482 
20.009533 
17.943099 
22.726741 
3.594329 
14.054702 
18.076689 
19.791344 
19.927531 
5.570822 
21.617077 
23.248392 
23.912157 
21.787498 
14.648394 
15.597613 
23.321187 
20.920642 
28.667450 
14.734302 
17.769892 
26.080940 
18.699510 
20.359779 
31.519905 
15.745611 
20.566372 
17.577148 
31.744618 
6.259900 
25.743595 
13.476975 
20.465335 
27.121366 
14.735328 
21.130165 
7.039574 
10.025214 
29.062678 
12.448945 
11.887852 
19.746303 
31.969001 
28.620980 
14.089513 
3.045674 
20.933768 
2.486464 
10.110588 
30.567503 
3.492665 
7.040315 
20.664359 
7.609067 
12.255493 
2.154923 
9.466903 
4.343987 
34.980208 
10.818820 
8.260956 
26.160905 
9.094088 
10.047923 
23.900352 
31.473510 
10.614274 
3.291225 
17.273160 
26.463644 
20.298940 
17.264721 
18.718911 
18.149205 
7.189025 
12.693683 
17.699114 
29.170816 
31.009434 
15.303585 
21.150098 
19.968224 
27.039644 
3.608539 
20.290807 
29.863040 
16.621900 
27.814767 
2.433063 
30.470479 
15.603388 
20.743561 
24.135866 
18.725371 
17.742956 
13.859497 
35.738522 
20.696319 
1.859062 
17.057729 
7.506677 
24.608217 
15.848925 
21.968344 
15.972892 
24.129816 
32.821207 
21.367405 
28.121304 
14.537794 
19.314882 
10.692546 
13.456308 
25.156755 
9.368492 
12.571573 
16.179793 
10.529236 
17.600864 
18.064278 
19.882406 
5.257647 
5.229055 
21.770327 
17.875063 
11.501022 
16.184846 
17.619984 
11.211150 
17.589834 
3.701044 
12.649727 
15.628680 
4.328777 
18.143139 
30.763029 
11.949334 
20.895220 
14.637114 
10.284931 
15.273890 
7.460675 
17.173381 
1.075388 
29.351540 
31.856489 
29.794065 
2.733870 
14.439819 
16.905535 
23.609999 
29.867154 
7.841230 
14.851998 
1.483133 
30.513087 
4.203234 
2.654727 
17.662468 
18.308097 
14.455239 
28.574580 
26.869513 
17.289414 
27.570308 
27.552270 
6.573925 
23.006444 
6.861720 
31.175109 
22.238681 
12.250733 
20.121058 
11.781168 
27.568977 
19.750744 
29.292243 
28.943317 
22.374502 
2.309645 
21.565322 
10.852455 
20.540271 
17.653812 
20.968395 
12.245916 
25.779673 
28.771973 
30.284468 
15.604274 
11.188368 
10.987734 
12.141011 
30.096195 
7.177733 
12.211066 
18.175406 
15.701690 
16.283385 
27.021876 
33.119627 
9.093250 
7.436309 
2.808453 
10.896467 
30.356290 
17.019026 
25.891011 
25.025665 
24.626490 
6.057258 
4.826920 
12.931586 
3.623823 
17.180903 
20.101869 
27.983234 
11.461338 
13.562219 
11.306372 
22.357834 
10.283786 
29.832284 
12.703250 
22.974200 
7.860995 
24.302006 
16.483238 
17.862228 
17.826841 
9.221228 
10.415512 
27.011441 
13.288187 
19.921249 
2.412607 
23.505373 
19.419245 
21.114523 
16.792262 
25.727188 
20.628602 
17.461868 
12.999693 
6.098097 
24.711839 
13.123532 
18.119156 
18.486425 
31.186513 
12.056960 
8.523233 
26.753463 
17.738155 
25.777320 
18.910705 
6.680726 
27.963920 
2.925143 
5.744940 
10.053492 
32.264002 
27.251234 
5.156443 
4.997230 
7.919239 
24.619070 
19.375133 
30.727537 
21.403561 
25.312172 
12.121603 
4.393613 
17.248422 
22.022809 
28.444177 
20.801054 
18.335376 
19.684365 
10.363967 
18.436235 
14.829115 
10.299599 
29.563556 
23.679865 
29.527693 
13.060815 
18.661866 
9.863804 
11.736923 
17.601017 
18.266647 
18.671109 
28.482598 
24.806981 
8.527835 
10.844115 
7.242934 
9.905487 
14.601924 
16.335448 
16.267130 
10.585864 
4.496487 
14.316785 
20.468461 
10.374545 
5.315175 
1.309981 
27.627780 
17.330556 
15.205874 
11.048114 
14.728517 
13.373849 
6.510324 
28.060031 
18.387622 
6.875351 
1.534055 
32.749061 
31.578157 
10.908401 
24.542349 
5.891975 
19.577338 
8.988002 
9.598051 
10.622821 
19.958897 
16.568323 
24.289624 
16.341850 
17.997020 
16.525194 
18.174067 
15.604783 
30.670176 
27.031319 
6.474842 
2.786240 
17.871673 
4.645345 
13.101964 
13.857220 
12.403343 
19.589832 
22.193115 
10.274653 
1.239252 
6.144637 
18.060135 
18.302883 
16.836803 
36.940040 
16.705027 
27.600321 
22.967376 
21.934949 
17.145753 
18.214332 
6.309142 
29.888413 
14.052977 
30.599617 
12.194535 
6.912894 
17.643488 
26.858610 
2.944743 
22.560790 
18.717109 
7.256812 
15.075881 
6.924038 
11.333375 
29.146958 
24.807777 
1.648298 
28.799111 
28.827232 
13.218039 
15.900589 
1.823330 
21.228297 
11.561690 
35.606115 
10.577611 
28.497787 
26.799114 
30.085471 
30.752922 
10.141828 
20.431471 
1.698727 
6.786025 
14.342880 
11.215678 
21.693793 
14.346980 
16.708581 
27.371710 
6.769192 
11.772257 
6.415204 
17.115018 
17.608046 
4.785400 
5.712518 
12.074886 
17.326888 
19.658056 
35.292947 
22.875283 
5.223131 
10.091907 
4.477445 
18.262855 
18.139011 
17.823023 
33.215751 
10.655737 
30.610598 
23.217710 
6.454502 
9.746691 
29.490346 
30.620306 
32.116096 
10.996767 
17.527339 
11.720802 
27.043140 
14.790238 
12.178520 
6.187909 
13.202006 
13.001529 
10.639354 
18.040893 
10.631053 
17.558392 
30.446361 
15.396914 
17.163081 
28.988466 
25.448378 
13.387197 
17.425866 
15.484554 
5.409752 
27.999884 
23.818485 
16.519510 
10.387225 
27.160800 
20.094928 
19.051593 
13.438020 
11.876502 
11.215488 
7.970127 
24.186793 
2.824499 
2.930929 
18.537331 
14.514719 
4.100852 
31.086143 
23.706786 
18.881738 
3.414962 
27.975736 
18.315597 
11.336190 
19.095481 
17.173850 
29.268144 
12.038267 
13.795128 
6.831215 
17.301165 
24.619650 
6.910828 
21.947330 
15.879771 
22.521621 
27.797557 
27.812926 
18.322231 
12.603725 
14.651061 
17.633839 
30.337442 
32.589155 
18.075526 
30.525676 
6.579005 
14.044876 
17.818605 
13.687012 
10.597279 
20.867643 
5.788821 
14.061188 
4.105374 
6.728165 
4.516666 
30.311798 
17.247677 
29.687100 
16.991116 
25.668193 
15.205433 
13.173926 
18.257755 
28.763166 
12.703327 
34.002046 
27.161200 
18.096557 
28.076924 
31.953839 
17.684582 
13.241158 
21.319080 
21.556782 
23.557497 
24.010576 
6.478565 
6.757583 
18.398351 
14.544666 
19.822688 
18.126941 
27.673191 
29.452891 
11.097290 
9.822024 
23.043451 
15.907425 
21.979310 
20.145826 
16.602944 
20.415350 
11.059406 
29.862676 
20.062375 
18.371783 
12.945182 
22.017805 
29.229924 
31.252460 
13.820437 
31.193922 
21.540672 
27.686385 
9.269633 
30.596437 
18.234074 
34.009757 
26.784642 
16.150418 
27.619017 
17.601851 
21.285705 
22.245176 
10.240910 
26.960303 
25.975430 
7.224119 
25.892556 
15.985907 
11.346197 
5.859199 
12.746197 
23.444303 
22.566427 
17.495151 
5.233945 
11.729410 
10.500397 
18.285505 
12.146219 
11.416147 
25.968316 
10.428275 
10.146253 
11.018543 
6.070553 
21.897074 
22.893670 
19.912418 
27.161621 
29.594873 
17.175027 
8.945676 
15.584822 
26.797168 
16.842261 
3.812806 
27.547206 
18.287547 
20.838336 
6.431597 
24.350232 
14.465624 
12.908583 
32.205220 
9.210279 
29.740295 
11.132556 
17.670966 
21.503745 
16.493810 
18.960507 
6.726523 
27.910943 
10.294642 
6.976653 
22.121752 
28.735180 
