0.000000 
9.070862 
28.347941 
17.828038 
55.400000 
7.560311 
6.387134 
5.436895 
0.000000 
2.805848 
55.400000 
13.076289 
55.400000 
9.234934 
20.441246 
15.971958 
10.019980 
29.301321 
25.052838 
12.335011 
20.639378 
23.546381 
20.646278 
6.138338 
29.070357 
4.784278 
31.216931 
17.493171 
14.966164 
12.477858 
33.023229 
12.542170 
7.835764 
23.562642 
6.602441 
19.668352 
10.155631 
14.503313 
25.729333 
0.000000 
6.978576 
8.856075 
15.330455 
14.139888 
0.000000 
29.926104 
5.641230 
7.824786 
4.628281 
14.706321 
4.270829 
16.725568 
29.652400 
26.553456 
55.400000 
20.472793 
14.824247 
55.400000 
17.351542 
18.302071 
15.108903 
26.463188 
17.844477 
10.735686 
0.000000 
6.026053 
31.497405 
29.985646 
5.149286 
14.277630 
27.729997 
4.743491 
11.402942 
22.851679 
18.564043 
14.388709 
0.000000 
6.620874 
15.869263 
10.600675 
0.000000 
0.000000 
5.449339 
13.119340 
55.400000 
0.000000 
14.170656 
8.703073 
9.100505 
5.948459 
18.438275 
6.545019 
29.234531 
14.733412 
9.943191 
52.716482 
7.205983 
4.455159 
6.847128 
2.341259 
6.317539 
0.000000 
0.000000 
17.375206 
6.396686 
17.497975 
20.138377 
15.847816 
2.672236 
13.877505 
0.000000 
43.217820 
9.604905 
6.215140 
12.769316 
23.611803 
29.129589 
0.469950 
10.596465 
5.044973 
55.400000 
7.014871 
55.400000 
4.796265 
13.916449 
18.704255 
5.280880 
18.082482 
12.970355 
11.019488 
55.400000 
0.000000 
9.647608 
6.928790 
14.687676 
15.939858 
0.052962 
14.705618 
0.000000 
0.000000 
19.329543 
16.332555 
18.505749 
37.751376 
26.987024 
7.879299 
22.790156 
6.146722 
13.338865 
11.130016 
3.594984 
35.790391 
30.839595 
17.815074 
55.400000 
26.750409 
16.423886 
16.634307 
14.505564 
0.000000 
14.938829 
14.905771 
15.840950 
21.760992 
55.400000 
12.484663 
13.418464 
6.404989 
55.400000 
10.220460 
24.528722 
0.078234 
14.509219 
28.723119 
55.400000 
0.000000 
51.836564 
55.400000 
0.000000 
0.000000 
47.361066 
11.195924 
0.000000 
5.592802 
55.400000 
55.400000 
14.048826 
6.429159 
5.161199 
55.400000 
0.000000 
16.667587 
4.777687 
13.822017 
12.402800 
12.721865 
14.418497 
0.000000 
13.841658 
2.273173 
13.454682 
10.074219 
3.009459 
10.248686 
12.433279 
55.400000 
32.419831 
3.995656 
18.963807 
55.400000 
24.004944 
17.801559 
0.000000 
55.400000 
17.034100 
14.440045 
0.000000 
55.400000 
15.993116 
21.946065 
9.723172 
14.299459 
8.534829 
12.845314 
11.542283 
22.242378 
9.364004 
8.358486 
18.831974 
13.459723 
13.466824 
0.000000 
7.631874 
4.716473 
0.000000 
48.241773 
0.000000 
6.859170 
8.348799 
21.412459 
55.400000 
11.702868 
0.000000 
16.403673 
37.407146 
5.551882 
8.897092 
5.500951 
11.109485 
0.000000 
29.698274 
0.000000 
6.598869 
55.400000 
12.624630 
10.600185 
18.291751 
5.856961 
12.189517 
0.000000 
55.400000 
0.000000 
0.000000 
6.880948 
0.000000 
55.400000 
10.996394 
12.566471 
6.684873 
5.870393 
45.699434 
15.207763 
6.384374 
13.990430 
55.400000 
22.120416 
6.703328 
55.400000 
5.649457 
17.265500 
15.919866 
5.976558 
10.365668 
8.803550 
22.131365 
30.494349 
11.071444 
5.223118 
17.105799 
47.725855 
13.572907 
0.000000 
10.744346 
25.735475 
0.000000 
0.000000 
44.243387 
4.893798 
38.889678 
16.233940 
0.000000 
11.730743 
15.210895 
9.643689 
9.592243 
15.067430 
12.297069 
13.243227 
0.000000 
8.120109 
3.452775 
55.400000 
0.000000 
37.599647 
15.824859 
13.814146 
0.000000 
46.839709 
20.428720 
10.979057 
0.000000 
1.679432 
9.581892 
10.808409 
6.963234 
0.000000 
10.210935 
21.194861 
18.539375 
8.662649 
22.958777 
11.995799 
12.381986 
16.559207 
7.083821 
7.970667 
15.195083 
12.975700 
5.793545 
55.400000 
0.000000 
14.184093 
55.400000 
55.400000 
20.416094 
55.400000 
3.109645 
5.085691 
0.000000 
14.831150 
55.400000 
43.436932 
9.605555 
6.878951 
13.383066 
11.794645 
9.142145 
5.678370 
6.136633 
0.000000 
10.999474 
0.000000 
12.726630 
55.400000 
18.213272 
55.400000 
32.877901 
55.400000 
19.792666 
24.581215 
12.878026 
20.076498 
0.494701 
8.209402 
10.437809 
12.487442 
13.845402 
2.886772 
18.714728 
16.322132 
10.038147 
0.000000 
0.000000 
55.400000 
13.498355 
0.000000 
10.940281 
5.755393 
18.678035 
55.400000 
8.783285 
55.400000 
20.301701 
55.400000 
5.484410 
17.692041 
54.185621 
6.298645 
55.400000 
9.827102 
6.932664 
25.847178 
9.418632 
19.353046 
43.492436 
21.769277 
55.400000 
0.000000 
55.400000 
55.400000 
6.567951 
16.640223 
33.814927 
20.000624 
6.440550 
0.000000 
55.400000 
9.632360 
55.400000 
6.515401 
5.678758 
15.028692 
37.355639 
13.951362 
7.017037 
0.000000 
45.152698 
21.104286 
29.135411 
55.400000 
3.733342 
55.400000 
20.572147 
41.076576 
18.284087 
13.806068 
4.544082 
0.000000 
16.160024 
0.000000 
28.670910 
12.414347 
55.400000 
21.387352 
18.539940 
14.418164 
55.400000 
55.400000 
4.639097 
6.485075 
22.805064 
9.899292 
13.824964 
15.538184 
9.182358 
16.002950 
14.026002 
55.400000 
17.049404 
30.040593 
21.599343 
29.453128 
17.209650 
31.932182 
53.595594 
0.000000 
10.233576 
13.500216 
15.272355 
16.070898 
11.466060 
49.475633 
39.553489 
6.709472 
18.843640 
14.432268 
15.227676 
16.906615 
0.000000 
20.528415 
27.273976 
25.011901 
11.144896 
53.647195 
0.000000 
11.601813 
23.693232 
8.122190 
26.642622 
17.684425 
0.000000 
18.110148 
30.212736 
55.400000 
55.400000 
16.119499 
17.602737 
8.124603 
22.897720 
12.617051 
18.300994 
55.400000 
8.366376 
12.153654 
12.299956 
21.725400 
19.680664 
0.000000 
6.091439 
9.748400 
55.400000 
29.392662 
5.906390 
23.480374 
22.843170 
13.278846 
0.000000 
27.202958 
28.150690 
16.627880 
22.733706 
13.966049 
5.572533 
0.000000 
13.718578 
31.449912 
24.608013 
25.281153 
6.258440 
10.663641 
17.236688 
33.632493 
0.000000 
10.304944 
55.400000 
55.400000 
19.913446 
19.793266 
13.269025 
19.813895 
55.400000 
53.655348 
13.429985 
29.393374 
4.846887 
15.464025 
12.099037 
11.208857 
32.502437 
0.000000 
0.000000 
5.759115 
9.740318 
3.744942 
14.931644 
8.291454 
34.869858 
8.354806 
11.379734 
14.548245 
10.060572 
31.651110 
11.572713 
0.000000 
9.522141 
15.175012 
0.000000 
55.400000 
12.383997 
15.475133 
18.049679 
8.718896 
15.468144 
26.695938 
8.530610 
14.019524 
15.924497 
38.590363 
18.074016 
5.071726 
34.321625 
6.280371 
0.000000 
44.820435 
31.794771 
26.378173 
1.490794 
13.777034 
0.000000 
9.876991 
35.098513 
10.530513 
17.339340 
0.000000 
22.636913 
55.400000 
55.400000 
7.128325 
7.921696 
23.058532 
17.184241 
12.995459 
13.968789 
13.309594 
23.065957 
43.315318 
6.276229 
14.373827 
26.520451 
0.000000 
5.340318 
8.743978 
47.690018 
15.199175 
55.400000 
0.000000 
31.658480 
14.702750 
4.982911 
11.256854 
55.400000 
55.400000 
0.000000 
55.400000 
55.400000 
55.400000 
14.295097 
55.400000 
22.961669 
13.392453 
5.337733 
45.035109 
1.677058 
0.000000 
6.400309 
7.338123 
3.081936 
55.400000 
29.766149 
21.276677 
12.531533 
6.411798 
4.460976 
23.699789 
0.000000 
5.907821 
46.451962 
14.865341 
14.695668 
11.517533 
16.937445 
30.966568 
21.753345 
9.035273 
10.584011 
0.000000 
31.258693 
16.273890 
15.434106 
44.736667 
11.659995 
0.000000 
45.659555 
28.772883 
13.111427 
55.400000 
0.000000 
26.070259 
10.057325 
13.450971 
4.328580 
13.181088 
4.671726 
9.377705 
0.000000 
12.660662 
8.669927 
17.341100 
19.964495 
13.421474 
32.868053 
13.968176 
27.325825 
28.286503 
23.202917 
44.123238 
17.712161 
55.400000 
10.679091 
13.433018 
13.448851 
7.085391 
5.176762 
0.000000 
24.475346 
14.058351 
1.035797 
13.360770 
6.946619 
30.542891 
12.702044 
54.207352 
6.747343 
16.711050 
16.476053 
2.622378 
7.078762 
6.862757 
8.732196 
13.190973 
0.000000 
14.663225 
5.079578 
24.059315 
28.440463 
16.147016 
7.080021 
15.879188 
15.445287 
9.123410 
27.259072 
0.000000 
16.671416 
0.000000 
7.937412 
12.858344 
14.448024 
22.026874 
8.843669 
15.017426 
24.046710 
0.000000 
55.400000 
13.727396 
18.810798 
43.791286 
6.776424 
36.828421 
13.750395 
1.688062 
6.384747 
20.660086 
10.942152 
36.517251 
16.299447 
18.984194 
55.400000 
0.000000 
0.000000 
55.400000 
5.767611 
11.707912 
12.785523 
0.000000 
6.265097 
10.403573 
15.783011 
5.339509 
55.400000 
0.000000 
55.400000 
38.521665 
15.400281 
18.854275 
11.955856 
6.450679 
19.030405 
17.906093 
55.400000 
11.426915 
13.272257 
4.650835 
12.162685 
26.598258 
12.423563 
55.400000 
35.957466 
55.400000 
55.138339 
0.000000 
11.196151 
18.756193 
55.400000 
10.557324 
12.116613 
6.221745 
12.258463 
25.830025 
0.000000 
13.077798 
10.951687 
40.704802 
55.400000 
11.736803 
17.008800 
6.573729 
13.202075 
0.000000 
22.205828 
11.357377 
29.029020 
6.018060 
13.867513 
11.814196 
11.682955 
4.438820 
6.330760 
24.566399 
46.350527 
10.822313 
0.000000 
36.325980 
25.821463 
0.000000 
32.358516 
16.313378 
32.560763 
7.818779 
14.373347 
6.463581 
19.086548 
54.467418 
11.471962 
0.000000 
19.862153 
16.498706 
21.931784 
10.546978 
0.000000 
25.161195 
55.400000 
25.289715 
14.923229 
9.851311 
18.367129 
18.259903 
7.596379 
34.351058 
19.447794 
34.821058 
23.832305 
30.941698 
17.416521 
14.911992 
6.308531 
49.495436 
34.150328 
32.216560 
0.000000 
25.337968 
14.843568 
31.753913 
55.400000 
6.218071 
27.821130 
7.041087 
5.995870 
55.400000 
29.007572 
6.487090 
34.626207 
55.400000 
34.418485 
0.000000 
10.470421 
11.452886 
7.121965 
15.144675 
17.370574 
12.211150 
0.000000 
28.990683 
5.371243 
29.396065 
0.000000 
24.119071 
0.000000 
7.136971 
0.000000 
5.959620 
55.400000 
14.702402 
16.896724 
18.722248 
14.334582 
4.735551 
0.000000 
20.511486 
13.670064 
13.649716 
13.511073 
0.000000 
8.065279 
0.000000 
4.925757 
20.385593 
54.806307 
33.629365 
14.239223 
12.796862 
11.260293 
35.148557 
0.000000 
30.291520 
55.400000 
19.320285 
28.197504 
13.610076 
12.448723 
0.000000 
7.078437 
23.972292 
32.664707 
15.744435 
9.888501 
10.299377 
14.820990 
0.000000 
16.242091 
0.000000 
16.291293 
13.999966 
15.718209 
6.554758 
13.134917 
9.127324 
18.906054 
10.966798 
3.810956 
9.716963 
15.437825 
5.205587 
23.149071 
11.176416 
4.867019 
5.239661 
0.000000 
17.409916 
12.985837 
18.632650 
0.000000 
0.000000 
20.818279 
13.945767 
0.000000 
21.182443 
0.000000 
55.400000 
13.107302 
0.000000 
16.792772 
18.680678 
12.724443 
5.593674 
27.249804 
11.596009 
11.224259 
20.493572 
0.000000 
0.000000 
20.973943 
21.490797 
0.000000 
55.400000 
6.432928 
17.814085 
0.000000 
10.175242 
8.241012 
44.961753 
55.400000 
0.000000 
9.177358 
0.000000 
31.875411 
15.241253 
12.646653 
19.756097 
12.802437 
0.000000 
47.802677 
17.236423 
5.559046 
41.602344 
12.982575 
0.000000 
19.152129 
4.416428 
25.847379 
34.265545 
12.250945 
26.885825 
0.000000 
27.407620 
13.837962 
17.343287 
55.400000 
29.345508 
0.000000 
6.495297 
26.651935 
15.128734 
10.800480 
55.400000 
14.765489 
35.414067 
55.400000 
44.151320 
12.874683 
14.294301 
32.423546 
6.390158 
22.162156 
0.000000 
12.772607 
32.344045 
23.022077 
16.586379 
11.294165 
8.634183 
0.985516 
0.000000 
11.451480 
14.585187 
10.715699 
10.831665 
26.527493 
14.533811 
19.158780 
0.000000 
14.946061 
14.649663 
18.500676 
8.643719 
18.234396 
12.705007 
10.919776 
12.778863 
13.172293 
6.439262 
11.953505 
15.663616 
4.940864 
20.027148 
0.000000 
6.843937 
34.284734 
26.481490 
35.464388 
9.048503 
55.400000 
24.731511 
7.036076 
18.428809 
15.075601 
20.129740 
29.030416 
15.195873 
25.431351 
14.044568 
19.844870 
21.669181 
14.044598 
0.000000 
19.838379 
10.116695 
22.034780 
15.079231 
15.635572 
6.361470 
0.000000 
35.149086 
12.851735 
55.400000 
11.901350 
6.700480 
14.819527 
55.400000 
6.470102 
8.946727 
55.400000 
29.792236 
13.574576 
14.994397 
0.000000 
23.222737 
12.997441 
22.148722 
7.727500 
14.966739 
6.412147 
0.000000 
19.786449 
27.815501 
48.520590 
16.043257 
17.571915 
55.400000 
5.735261 
14.631448 
0.000000 
20.247186 
31.262104 
34.735797 
21.733827 
0.438017 
55.400000 
0.000000 
0.000000 
5.332117 
32.400322 
23.600357 
14.496083 
7.083684 
0.000000 
15.391933 
11.824213 
14.002262 
13.709880 
24.887585 
9.135173 
14.523979 
12.870631 
1.177041 
18.079385 
11.668753 
0.000000 
0.000000 
11.901045 
21.599963 
10.958121 
5.744772 
8.438136 
7.829097 
13.740992 
55.400000 
12.471802 
13.033235 
0.000000 
16.776288 
31.593754 
6.458086 
14.342816 
0.000000 
14.897051 
6.651730 
13.511075 
24.263627 
10.581475 
6.731112 
9.820016 
24.146950 
4.998580 
22.737040 
17.058725 
21.275762 
17.961580 
11.049199 
0.000000 
13.889451 
6.809917 
14.198510 
14.195269 
3.496517 
10.891040 
9.667354 
35.499672 
0.000000 
0.000000 
11.894090 
8.034237 
15.017458 
10.848401 
6.608870 
15.015212 
22.026937 
21.049998 
32.928029 
24.888720 
16.423908 
5.917734 
55.400000 
0.000000 
55.400000 
0.000000 
0.000000 
22.751689 
16.192625 
0.000000 
51.429601 
55.400000 
5.641100 
0.845824 
9.176671 
0.000000 
55.400000 
55.400000 
0.000000 
20.421751 
31.883623 
3.799397 
4.144034 
0.000000 
14.407296 
13.796392 
12.471242 
20.755108 
55.400000 
11.399244 
13.504003 
53.196289 
5.649082 
0.000000 
0.000000 
0.000000 
6.748058 
10.224704 
29.619817 
7.679357 
3.491891 
55.400000 
0.000000 
0.000000 
9.951806 
5.789365 
10.495946 
17.828772 
0.000000 
29.643084 
13.413208 
16.054107 
11.238292 
18.058326 
10.271442 
0.000000 
0.000000 
24.518300 
19.204181 
29.227702 
23.525876 
12.200662 
21.302537 
16.714046 
0.000000 
19.531837 
12.666618 
55.400000 
55.400000 
4.711903 
12.796628 
6.651371 
15.859139 
11.871448 
0.000000 
0.000000 
0.000000 
15.383274 
30.638214 
24.828664 
10.808527 
12.739554 
52.541008 
4.745647 
32.273001 
55.400000 
40.617049 
5.496565 
13.402784 
5.680818 
0.000000 
16.544551 
15.077831 
6.517351 
13.018846 
55.400000 
17.309119 
8.601392 
5.326715 
6.018101 
13.233433 
0.000000 
18.271691 
8.507851 
27.191665 
16.580246 
13.137792 
14.554632 
55.400000 
10.757793 
12.640030 
0.000000 
55.400000 
23.069414 
6.770849 
47.659703 
15.998024 
55.400000 
7.916531 
1.103833 
0.000000 
28.199952 
8.129955 
0.000000 
16.848248 
6.742043 
24.880025 
49.993531 
32.998654 
22.175737 
5.544587 
17.133667 
0.000000 
25.491248 
9.582578 
26.410221 
16.511086 
12.777963 
17.145246 
23.006371 
5.607521 
0.000000 
6.981535 
5.549240 
8.044055 
0.000000 
0.000000 
0.000000 
55.400000 
10.070736 
19.269733 
6.350480 
18.368590 
24.958576 
11.041804 
37.722693 
55.400000 
24.059264 
12.922798 
55.400000 
28.397543 
55.400000 
55.400000 
16.316171 
14.257511 
14.010512 
13.689020 
37.974430 
11.309065 
0.000000 
6.457042 
11.563075 
0.000000 
27.656606 
4.930612 
14.750216 
6.857225 
14.495198 
28.320273 
11.833104 
10.019297 
26.299018 
25.269230 
14.700165 
14.938317 
8.017913 
15.129206 
24.255069 
26.992872 
6.206266 
10.741767 
55.400000 
10.738385 
0.000000 
55.400000 
14.843344 
49.332289 
6.782829 
20.069106 
16.928467 
14.393585 
9.488424 
19.288602 
37.196737 
10.179379 
55.400000 
55.400000 
10.390496 
55.400000 
45.166440 
0.000000 
22.686653 
0.000000 
15.129557 
0.000000 
12.643265 
30.689204 
55.400000 
13.477442 
0.000000 
21.839209 
8.178064 
16.803408 
14.457990 
0.000000 
21.098971 
12.055090 
14.057060 
1.256236 
5.251978 
16.381644 
23.109428 
15.098085 
55.400000 
18.929734 
19.803221 
10.145369 
11.775772 
18.124167 
8.583435 
0.000000 
38.847026 
14.060185 
16.658900 
0.000000 
28.427944 
0.000000 
55.400000 
16.582683 
12.894688 
46.654629 
0.000000 
17.638098 
21.281780 
16.098790 
21.447467 
0.000000 
55.400000 
8.720947 
0.000000 
17.922828 
55.400000 
