40.058913 
30.444150 
20.579549 
24.037620 
15.522820 
36.178505 
11.620081 
2.789056 
40.813539 
6.637607 
11.384253 
20.559172 
28.932011 
19.436319 
7.026109 
24.342839 
13.355892 
19.138764 
39.292292 
8.315703 
27.283173 
40.407635 
27.058162 
6.561922 
37.171234 
31.302054 
47.933300 
47.933300 
11.134226 
16.716190 
35.681636 
8.786454 
26.741115 
34.959864 
8.250195 
21.487719 
9.444462 
25.960247 
38.604380 
20.147915 
4.506075 
14.958527 
27.150182 
21.757995 
39.964190 
37.280837 
32.472145 
35.877983 
5.406131 
23.811824 
8.175957 
30.504460 
4.394596 
30.325145 
42.743412 
30.306075 
20.182597 
6.577173 
38.271251 
32.972497 
13.401271 
30.166824 
27.867085 
22.938087 
41.259507 
39.541684 
23.101225 
10.884143 
6.583420 
18.735440 
39.043707 
5.866674 
12.946037 
23.943130 
31.260364 
16.094786 
47.933300 
6.172171 
7.157882 
7.621956 
40.312398 
29.618118 
36.788836 
34.037542 
47.933300 
40.258144 
22.773286 
7.706511 
35.541820 
27.663041 
24.660228 
11.219232 
27.649524 
40.277912 
28.313211 
30.109311 
8.405726 
3.655935 
16.436159 
7.623262 
17.317868 
40.576423 
40.616652 
13.399801 
5.511810 
29.591072 
26.667570 
14.158347 
15.219538 
18.847696 
40.646978 
41.403981 
10.486364 
10.165455 
20.715882 
32.689528 
19.176684 
47.933300 
35.448612 
4.656396 
47.933300 
8.174813 
47.933300 
3.001006 
8.203990 
47.933300 
14.096091 
5.334356 
30.796511 
9.520671 
38.621562 
40.616658 
8.422469 
14.552901 
25.763919 
24.512841 
8.029530 
3.699453 
41.028135 
40.617152 
27.386007 
35.761837 
14.171542 
17.018768 
33.554872 
31.222253 
37.503401 
23.268353 
16.956560 
8.003393 
9.181188 
40.300820 
40.019693 
29.977552 
47.933300 
34.181394 
31.277813 
6.691786 
9.518721 
40.212934 
17.842173 
34.385339 
34.185054 
28.573460 
31.479319 
5.234417 
40.838144 
18.112438 
47.933300 
16.924169 
22.931378 
31.558681 
35.037206 
7.417611 
47.933300 
11.892992 
19.139050 
47.933300 
47.933300 
5.350327 
19.119775 
3.745362 
17.682323 
8.312352 
38.660029 
28.765320 
24.604720 
4.687101 
6.250610 
27.135193 
40.575707 
40.490224 
7.551490 
26.273218 
10.592305 
6.726139 
6.560495 
41.586556 
46.473769 
6.991276 
15.466854 
21.453168 
7.934259 
36.789699 
4.719989 
47.933300 
37.954605 
7.081876 
10.799486 
47.933300 
27.154360 
44.965505 
8.604342 
8.624154 
19.175259 
4.575191 
42.207288 
31.963957 
12.497511 
6.459218 
41.359947 
25.081329 
9.163790 
17.583825 
11.593493 
8.459230 
7.177103 
13.900532 
36.039485 
24.502088 
12.894662 
40.615720 
12.461437 
12.984377 
40.855827 
7.872470 
40.617031 
3.660875 
5.761655 
28.960702 
47.933300 
42.002233 
16.629880 
18.556181 
34.914166 
7.552835 
8.068976 
6.918912 
21.436849 
41.416409 
26.390740 
41.771371 
36.325183 
28.655214 
25.181504 
13.613497 
30.097524 
21.597038 
16.817649 
40.624524 
47.933300 
40.618754 
40.729158 
5.660044 
47.933300 
47.933300 
7.042404 
20.501812 
22.158187 
17.688551 
9.360853 
9.800042 
4.949238 
22.753300 
38.464652 
24.934378 
2.640534 
26.248157 
5.460598 
21.758148 
10.246021 
7.548269 
47.933300 
5.110394 
17.921042 
32.509010 
20.289323 
8.538157 
46.923445 
8.059391 
37.005864 
40.199177 
26.733949 
35.096730 
40.620510 
17.983670 
39.400625 
6.618303 
4.182409 
39.118794 
39.470715 
6.093714 
37.757461 
17.937052 
36.994853 
47.933300 
33.655238 
13.611925 
40.665253 
42.710250 
29.220598 
15.185568 
40.478304 
37.418050 
17.629675 
6.373313 
37.530076 
39.921439 
34.611084 
17.862309 
40.642189 
8.066313 
7.240281 
10.532424 
4.060672 
41.187528 
21.683062 
35.876431 
34.225184 
9.578365 
33.779095 
7.948294 
4.590433 
27.115646 
5.668191 
16.036376 
15.580414 
37.103837 
4.189594 
20.015599 
40.690478 
35.104509 
47.933300 
23.721923 
38.165211 
32.960141 
3.860807 
9.952417 
47.933300 
22.117445 
47.933300 
29.358629 
39.967627 
8.353341 
20.541420 
41.044633 
8.476554 
10.505013 
6.498886 
20.435639 
28.558575 
40.665750 
7.278220 
47.933300 
7.586592 
39.215858 
11.747270 
47.933300 
16.032550 
38.379287 
8.423131 
47.933300 
7.951101 
5.549990 
30.307345 
23.995418 
47.933300 
6.522747 
46.500785 
29.342862 
3.601456 
40.616650 
7.296270 
47.933300 
34.422227 
40.613446 
12.726632 
7.145415 
19.781067 
31.486988 
11.751890 
8.902584 
26.309879 
16.932183 
22.452565 
10.362652 
46.110704 
47.170605 
13.523866 
7.359574 
47.933300 
6.946748 
9.631953 
32.668707 
45.782936 
28.739385 
44.966880 
40.616657 
47.933300 
38.504429 
17.638835 
41.055371 
23.926875 
47.933300 
6.828961 
40.735532 
17.246828 
6.412230 
33.242045 
5.007010 
29.656016 
15.463565 
40.899126 
47.933300 
11.109459 
40.628322 
30.506116 
41.704556 
33.014991 
27.567014 
36.797912 
37.500743 
26.569820 
28.551630 
36.903469 
26.834200 
2.862616 
40.602959 
8.407541 
12.385756 
25.707211 
46.137302 
34.223138 
47.933300 
35.383995 
26.987272 
47.933300 
12.065823 
7.933272 
15.917954 
14.545124 
15.624955 
16.082005 
20.287721 
40.732387 
25.715749 
47.933300 
20.081168 
36.968091 
26.293073 
34.575101 
32.162654 
43.136685 
33.852949 
18.984814 
39.255426 
14.935438 
25.903890 
31.494748 
20.271636 
14.367955 
21.529754 
20.561834 
13.751317 
24.065377 
15.112077 
29.936838 
5.658056 
40.555840 
41.079409 
29.460142 
38.573914 
18.159734 
18.680999 
40.616650 
14.984119 
40.113251 
35.147647 
23.675395 
21.271060 
40.616650 
33.198220 
18.918953 
24.253472 
43.529791 
8.292847 
21.161792 
14.263981 
40.124879 
16.949408 
25.901143 
18.103245 
17.301656 
24.940272 
13.507357 
24.895222 
21.329327 
8.281393 
4.995860 
23.711629 
38.451477 
35.762444 
10.489009 
18.514634 
33.764859 
37.590052 
40.616673 
29.639293 
26.360501 
25.571104 
6.828843 
15.535546 
16.307927 
12.008173 
47.933300 
41.326940 
40.155814 
36.720525 
34.774381 
37.801993 
43.872220 
39.567071 
32.281593 
47.933300 
15.674227 
47.933300 
39.955011 
26.590005 
35.036911 
34.231191 
43.033877 
11.442658 
14.857093 
24.122714 
3.822894 
7.902648 
44.442478 
5.569888 
35.901590 
10.173664 
7.949027 
2.601190 
36.187782 
7.476431 
38.925911 
16.578682 
41.740048 
40.047310 
15.267839 
8.342326 
9.573446 
34.989693 
11.930773 
41.477123 
5.718918 
24.852946 
5.630154 
47.933300 
11.580367 
18.049690 
24.304485 
6.970165 
25.433062 
33.623877 
33.123140 
28.175262 
39.450205 
25.164129 
19.765679 
19.398862 
40.367093 
16.306121 
40.616650 
39.983242 
47.933300 
15.286288 
7.604677 
12.282356 
43.013793 
16.677728 
30.522942 
15.561394 
13.891699 
34.928441 
35.546973 
47.933300 
37.347225 
8.101214 
47.933300 
32.560178 
14.033782 
18.055893 
30.981908 
7.553754 
24.570863 
24.617785 
16.859330 
42.258678 
47.933300 
37.295004 
3.665833 
35.771707 
19.024884 
18.353040 
44.739602 
39.109052 
39.165699 
26.824952 
12.115536 
18.140790 
35.903650 
43.360553 
44.892470 
42.808990 
47.933300 
47.933300 
23.681114 
47.933300 
5.269309 
45.671761 
10.979657 
12.343050 
43.137736 
40.616650 
7.590791 
47.933300 
18.936461 
43.412987 
34.125208 
42.290782 
20.523712 
44.144163 
5.227579 
26.696251 
39.482107 
20.124623 
39.172046 
27.644181 
12.453019 
16.840364 
14.371478 
37.802513 
40.814848 
16.507570 
19.542576 
38.722671 
28.308968 
23.100306 
10.626550 
22.584924 
47.933300 
40.913062 
14.179394 
36.589848 
33.587206 
47.933300 
40.616664 
21.876128 
28.313753 
24.071780 
44.177461 
40.070395 
2.541042 
35.695883 
42.442596 
24.879241 
7.534971 
8.507899 
13.748480 
27.279017 
34.333509 
35.243867 
40.176971 
31.284929 
32.214868 
6.372626 
17.014944 
6.979556 
11.911391 
6.928730 
15.651259 
9.483950 
8.018976 
47.933300 
26.589569 
20.537191 
47.662373 
24.299799 
10.280844 
41.155415 
45.424022 
20.362629 
7.075830 
30.738208 
20.630406 
6.754926 
12.179138 
6.579403 
14.208215 
3.128113 
40.658663 
24.868188 
37.395316 
8.129529 
31.571970 
11.167777 
6.181571 
25.118852 
31.662728 
8.201753 
45.272871 
47.933300 
39.118537 
40.849609 
24.633697 
41.025312 
12.874916 
36.036593 
13.820945 
30.865347 
27.653441 
41.263802 
33.970270 
13.516131 
20.841059 
40.934305 
37.962178 
40.922366 
23.987689 
41.936043 
8.670624 
21.933645 
47.933300 
27.153591 
29.154372 
24.309723 
40.409309 
40.619161 
40.616650 
8.161790 
19.178951 
16.149051 
11.577944 
38.455271 
11.329838 
6.706626 
26.120391 
7.562677 
7.316496 
42.265434 
31.394728 
40.631108 
34.903267 
25.081691 
3.674969 
47.933300 
27.321905 
29.914710 
47.933300 
37.023513 
20.634933 
6.685522 
34.357458 
21.413323 
5.189307 
10.697767 
33.882749 
8.521354 
18.017722 
8.340782 
5.583615 
26.113809 
47.933300 
14.600979 
11.704125 
11.263246 
16.074120 
24.786822 
39.522770 
15.486998 
12.800812 
30.758905 
5.354598 
14.735964 
25.009567 
4.299947 
13.752944 
40.616671 
12.356026 
4.190015 
37.606454 
21.302420 
12.840651 
24.184681 
20.596247 
11.825617 
23.963192 
39.107150 
33.789702 
35.153092 
40.616668 
34.617209 
36.035992 
40.621464 
36.996999 
6.642200 
24.020999 
24.254164 
22.681446 
5.504741 
14.579488 
22.153769 
15.745208 
40.615423 
3.802196 
31.528301 
25.661127 
9.674757 
19.811067 
31.743718 
47.933300 
38.718235 
18.733679 
34.055316 
29.459472 
35.727846 
11.417408 
31.776421 
5.126869 
32.482786 
24.061796 
39.026131 
27.422313 
27.267251 
13.691750 
27.247271 
39.858763 
13.595856 
40.664047 
30.406640 
6.911899 
38.210306 
17.220304 
23.756404 
25.870958 
8.553999 
21.547673 
28.162349 
38.501953 
5.869282 
30.747541 
31.234950 
31.393453 
37.062680 
5.238888 
16.537889 
6.154106 
24.611238 
19.182854 
7.203082 
40.644821 
36.187376 
34.688652 
37.541609 
3.984840 
39.428448 
41.681713 
3.014042 
40.933818 
10.590143 
40.737501 
32.826384 
28.257360 
34.197575 
15.613635 
4.731132 
40.618153 
35.481600 
27.858462 
43.939300 
28.539336 
35.111309 
14.609531 
38.932836 
4.953700 
20.978601 
16.210273 
29.288495 
4.929912 
18.670781 
25.984652 
16.869923 
40.618697 
10.230721 
20.986077 
7.269365 
27.424341 
3.014340 
8.555055 
33.133892 
8.644263 
27.367224 
39.108465 
7.386462 
8.202390 
32.308180 
8.760576 
40.634820 
31.477542 
40.588394 
19.363257 
24.861327 
26.993622 
21.703356 
10.668262 
16.589787 
30.953363 
16.590799 
44.617918 
12.354109 
23.285195 
6.249296 
24.974454 
8.266543 
6.856969 
21.568100 
31.952338 
28.939139 
25.557519 
25.912895 
40.616947 
40.616651 
28.876514 
41.656284 
26.554434 
26.226662 
40.608004 
47.933300 
10.053847 
40.619169 
15.140991 
36.153006 
17.920040 
8.372439 
27.261957 
12.385673 
7.998096 
39.338312 
38.451147 
22.083077 
7.306671 
35.717735 
40.616650 
38.955624 
11.834151 
25.251139 
40.616652 
11.176513 
19.082702 
10.898018 
24.704759 
40.258315 
7.300152 
40.616650 
19.889794 
7.716200 
4.288683 
32.470361 
12.749065 
40.698798 
40.040138 
32.566433 
6.271262 
40.080698 
23.510465 
40.627710 
34.837542 
14.000662 
8.674869 
40.887963 
4.446736 
36.040726 
40.446486 
22.262119 
37.389319 
8.958731 
41.345311 
32.457687 
35.785105 
16.485745 
40.080261 
42.865001 
8.075381 
20.701655 
36.735656 
37.129241 
41.838086 
26.045581 
28.271394 
38.990995 
35.849688 
17.669869 
26.028392 
40.617526 
22.264935 
38.489875 
36.970367 
33.415742 
15.288941 
22.292329 
12.492374 
38.219268 
4.333441 
4.189150 
16.640683 
22.242175 
26.660338 
23.354814 
27.519530 
40.616570 
13.808684 
8.603484 
32.868319 
33.204302 
35.058517 
17.684894 
12.803451 
40.052871 
36.207304 
10.554778 
29.421048 
13.796990 
9.735008 
30.259778 
38.930618 
9.772740 
7.967722 
29.211766 
36.709110 
4.847682 
47.933300 
31.313135 
4.058983 
26.120191 
3.551938 
27.129654 
37.508118 
19.973501 
8.615205 
26.083009 
25.556716 
36.886116 
34.656753 
37.859303 
21.833741 
17.567018 
28.225022 
29.273215 
31.968026 
15.643856 
25.496558 
24.543071 
16.208426 
8.588008 
23.206105 
2.830397 
29.951993 
6.601079 
2.684425 
10.115111 
23.460704 
25.640227 
15.083412 
7.273594 
40.621930 
30.255313 
18.027781 
24.152764 
6.373877 
23.931270 
8.535791 
40.345941 
27.021807 
30.644667 
23.742480 
24.441914 
38.295789 
6.215003 
6.600866 
18.109116 
39.552065 
33.953764 
25.174043 
31.210857 
26.916717 
9.666619 
18.764093 
44.209943 
47.933300 
22.735995 
40.116902 
31.500690 
15.753783 
9.353900 
6.659382 
36.818207 
15.333116 
14.932187 
15.945635 
33.622139 
16.556727 
9.104101 
13.052282 
16.149894 
23.487799 
8.127009 
40.607745 
40.616650 
17.458455 
25.166989 
15.296200 
9.222349 
7.963811 
11.431078 
17.034218 
47.026526 
26.518417 
7.322796 
40.618523 
47.933300 
34.264800 
36.133917 
22.577797 
3.880608 
18.795239 
3.288477 
14.735715 
8.355666 
17.292215 
5.923468 
7.990844 
25.484720 
7.515959 
10.699472 
28.405686 
33.407136 
10.942286 
20.520536 
40.440193 
6.796751 
8.035371 
17.203367 
24.787628 
36.898766 
9.334500 
22.532659 
27.173307 
40.653705 
40.619564 
13.747060 
6.872817 
21.764893 
19.712261 
47.933300 
29.160610 
27.898957 
26.380072 
37.718757 
25.408640 
32.379310 
23.585434 
20.979733 
47.933300 
22.599031 
11.055031 
40.616668 
8.510995 
12.245411 
40.616650 
11.572524 
6.439178 
6.735041 
47.933300 
47.933300 
47.933300 
40.919868 
36.451749 
40.616650 
28.817573 
25.541305 
5.492404 
32.448709 
40.616667 
27.459535 
7.773507 
36.343426 
39.529833 
38.122489 
8.869322 
18.043036 
27.727684 
7.727843 
40.657410 
40.737342 
42.601023 
9.199768 
24.274990 
32.706130 
8.587007 
23.034218 
36.152426 
37.340520 
40.462061 
7.548714 
5.947884 
26.024039 
3.933074 
40.630124 
35.900937 
26.007477 
15.909817 
25.430794 
26.076439 
6.066652 
40.684567 
40.616734 
27.179927 
27.161519 
34.833932 
29.022624 
4.315048 
38.246016 
37.437709 
40.616801 
8.134830 
18.272174 
19.374678 
5.995115 
6.123613 
20.795722 
6.780843 
17.959710 
15.235912 
37.557396 
40.591932 
15.875390 
34.607979 
40.487347 
31.024946 
26.782014 
42.381971 
23.628931 
40.097578 
24.096269 
47.933300 
40.859291 
19.144847 
16.876535 
7.078037 
36.545684 
17.004573 
22.229594 
15.266566 
14.908614 
47.933300 
17.582797 
9.687727 
6.259476 
11.861799 
36.821899 
40.620732 
33.898475 
8.376425 
40.575767 
10.844131 
8.067374 
7.347237 
19.986282 
44.099338 
11.240961 
40.373340 
10.629368 
23.871351 
8.867993 
43.915668 
34.594730 
47.933300 
6.845764 
11.004301 
40.617023 
38.325605 
10.509495 
40.693610 
19.674302 
9.644399 
27.134942 
34.319008 
27.373781 
25.926703 
18.465976 
37.833846 
40.508053 
24.098766 
19.089197 
31.815097 
16.452700 
15.707774 
20.649784 
36.441477 
28.334371 
40.617941 
16.303784 
4.940936 
39.694316 
40.238411 
40.676425 
40.639052 
24.796939 
23.363778 
20.831889 
10.348758 
27.332443 
39.199085 
22.381670 
35.189863 
13.129916 
14.147272 
37.800405 
40.664446 
37.549332 
39.921043 
32.357963 
27.468707 
23.366478 
17.336881 
13.815662 
28.079377 
24.316392 
19.584320 
3.656031 
40.965371 
7.046204 
10.676817 
8.787586 
38.701858 
14.268355 
6.617966 
40.219939 
7.751776 
41.940876 
7.944112 
25.858421 
32.533845 
20.320741 
7.765471 
24.574015 
21.128626 
35.826887 
5.974670 
24.463929 
7.087063 
22.489039 
32.201199 
23.050146 
12.438981 
28.855664 
18.684033 
32.676321 
41.134199 
10.014213 
16.711129 
47.391219 
37.725617 
7.161125 
24.164280 
44.756891 
19.417379 
38.395481 
44.751490 
6.112827 
37.892542 
8.555605 
39.893338 
40.616899 
18.634579 
34.599025 
26.439869 
20.057752 
40.521154 
32.948355 
37.919459 
26.752725 
7.219661 
36.363502 
11.570218 
7.313432 
3.668056 
8.368218 
4.738297 
38.991324 
6.356566 
19.840899 
25.747640 
26.205106 
7.196368 
15.923900 
16.369379 
11.760932 
9.376894 
40.616550 
32.531949 
11.602329 
47.933300 
36.222464 
34.654070 
16.074670 
5.416052 
17.661344 
9.209919 
25.689410 
40.346454 
23.383760 
11.508538 
15.947354 
19.198769 
40.618069 
20.578727 
35.401921 
40.649237 
27.910260 
21.008006 
