9.841282 
28.727943 
27.398628 
25.593019 
22.922894 
23.292157 
23.429836 
27.454828 
10.237173 
21.679509 
23.503853 
22.746085 
27.779734 
31.905049 
30.739583 
26.859865 
32.558538 
22.544970 
25.144758 
23.969813 
22.751027 
33.169385 
22.935806 
31.978166 
22.945150 
30.339962 
23.957439 
9.844610 
32.114987 
23.306249 
23.587888 
32.162776 
22.206854 
28.689334 
28.686843 
31.325937 
32.544862 
22.942551 
24.577601 
23.250317 
24.848774 
23.499621 
26.459771 
22.229300 
23.467366 
32.487815 
23.469708 
26.026216 
23.275372 
25.578039 
33.039638 
32.918721 
27.613644 
23.152975 
25.614341 
22.096207 
31.873039 
21.475411 
28.661586 
26.284173 
31.797056 
24.220740 
27.584401 
24.278546 
12.669874 
10.563500 
23.867046 
26.542195 
24.539501 
24.043178 
24.263624 
25.234269 
27.030261 
21.571462 
28.069369 
27.821460 
9.833350 
29.108104 
24.236978 
21.481795 
27.592717 
27.301992 
22.278328 
26.520545 
9.845428 
25.661840 
25.087866 
26.823475 
23.835255 
26.796629 
29.311216 
25.026606 
27.937229 
26.984762 
25.022532 
26.743450 
32.376134 
11.030831 
31.470078 
26.656085 
26.255169 
9.833361 
9.833350 
23.981391 
27.701278 
29.171290 
29.034402 
31.268630 
23.760084 
25.820863 
9.833350 
9.894097 
22.496300 
23.807472 
29.546021 
21.698053 
31.046632 
25.924091 
22.910908 
26.498558 
13.420357 
22.258838 
12.051370 
26.133977 
26.473155 
11.351546 
32.265110 
22.668879 
32.819576 
25.936284 
9.833419 
9.833350 
23.939156 
23.613967 
23.697248 
23.011195 
32.576853 
33.233177 
9.833380 
9.833350 
21.975810 
31.986478 
24.255407 
22.006053 
27.102191 
21.343844 
23.734880 
24.895423 
28.303798 
27.394780 
21.911638 
25.264389 
21.622767 
22.037838 
21.923510 
23.653274 
27.135219 
24.867743 
32.568340 
10.164890 
30.398494 
31.375570 
25.229447 
25.086785 
22.340023 
24.348627 
32.582721 
27.797160 
24.250846 
20.759493 
23.533602 
30.518218 
33.143474 
27.979572 
25.592338 
29.018402 
23.745013 
12.297363 
11.795233 
33.350301 
22.914212 
25.940553 
23.444162 
21.579758 
23.790671 
24.125443 
23.298977 
23.854348 
24.533876 
24.321900 
9.835946 
9.833350 
21.269675 
26.125698 
23.703391 
27.030647 
27.819855 
9.833350 
31.872305 
33.336938 
31.583620 
23.502432 
22.994274 
26.353416 
29.697606 
30.538720 
23.474342 
32.040092 
28.428766 
31.540135 
23.734177 
32.079637 
21.666087 
22.422450 
23.726141 
29.198023 
9.833769 
24.255188 
23.219763 
22.007850 
31.684617 
25.914397 
30.254331 
32.884505 
32.490925 
24.039297 
32.678780 
22.999689 
32.933453 
23.338539 
22.507218 
9.833350 
33.003609 
23.536488 
9.833350 
23.464837 
32.917385 
27.032773 
31.833882 
21.388338 
9.835397 
32.113388 
31.734864 
23.773909 
29.888685 
23.910172 
31.793811 
22.311930 
23.959554 
10.144401 
30.299335 
9.833350 
21.555723 
23.980747 
23.586324 
30.773556 
26.957113 
22.089182 
27.986742 
9.833350 
10.704475 
9.833350 
9.833350 
32.226816 
28.328076 
10.066978 
27.845843 
23.729623 
21.900466 
25.170105 
22.070287 
27.397708 
28.021215 
22.387663 
22.788283 
27.012529 
27.014308 
26.993659 
26.680433 
23.689406 
28.078662 
29.145724 
32.923938 
25.943171 
26.522911 
23.960526 
27.849168 
22.674245 
32.585935 
28.905601 
31.111719 
10.610637 
30.945331 
28.839766 
9.833350 
27.133100 
24.220910 
22.995636 
14.277713 
26.270951 
10.590643 
28.073870 
32.435571 
27.524689 
25.536141 
14.753252 
28.697731 
33.419111 
9.833350 
25.416084 
21.586842 
33.703376 
24.088731 
23.512530 
26.686857 
31.692501 
25.808705 
28.238541 
25.895527 
29.458705 
9.882068 
25.331390 
23.370604 
27.689218 
26.429434 
9.833350 
24.717081 
30.534450 
24.107365 
27.502605 
23.789197 
23.462278 
33.792600 
26.013301 
27.501689 
31.273652 
24.877201 
26.533455 
30.720186 
9.941572 
9.833350 
32.068998 
21.915696 
23.402907 
23.370542 
23.377406 
21.428068 
22.913664 
33.114664 
23.407625 
13.871859 
24.800948 
9.954607 
22.174433 
24.745656 
28.829142 
24.376716 
23.149789 
31.104382 
24.080261 
25.599161 
9.833350 
25.204541 
9.902120 
32.410538 
24.317428 
24.531668 
27.513990 
29.232491 
25.101316 
32.314963 
32.895818 
33.172232 
31.482732 
24.580244 
32.571871 
9.833481 
22.588812 
10.763912 
23.475752 
26.364145 
9.833350 
10.256395 
11.349723 
32.196694 
9.833350 
26.359042 
24.154415 
23.692163 
20.853256 
26.151597 
23.517494 
23.560580 
32.965668 
21.983283 
32.483146 
30.521673 
30.575748 
23.219737 
28.855431 
13.878043 
25.124953 
23.755656 
23.796013 
11.968091 
23.427791 
12.700703 
9.833350 
32.129634 
27.736867 
25.043570 
9.939631 
23.047330 
16.953833 
27.236815 
9.833350 
23.777521 
28.534085 
24.168176 
21.857226 
29.397177 
10.992155 
17.187724 
29.121243 
22.922948 
9.833350 
26.175882 
32.103404 
23.912664 
23.915999 
21.815386 
23.931046 
23.901112 
23.703553 
23.991440 
23.233098 
23.069041 
23.170516 
32.962959 
24.420210 
23.170082 
29.654059 
23.158880 
31.373855 
25.454096 
23.705806 
9.916292 
23.573447 
24.971221 
21.866569 
27.756376 
26.341495 
32.083022 
21.928219 
30.482577 
22.614501 
32.913503 
10.157773 
23.880495 
24.019722 
23.777419 
23.813822 
27.500406 
30.643375 
26.039480 
33.175133 
24.019411 
22.066110 
23.323263 
23.495950 
22.800409 
24.237840 
22.101639 
28.052933 
23.180451 
32.078729 
24.096700 
28.857190 
9.833350 
31.062122 
23.222559 
24.257254 
25.763885 
23.975368 
9.833350 
23.141560 
24.574729 
22.559071 
22.579375 
32.979750 
9.833350 
23.385813 
23.588539 
23.379753 
10.362351 
30.863934 
24.084783 
32.876234 
31.730118 
23.779674 
23.669319 
23.126880 
26.491774 
21.624571 
22.937220 
22.851378 
23.487693 
23.815224 
32.163067 
23.243822 
24.519197 
23.347148 
24.000660 
31.827713 
23.227758 
22.735975 
9.833350 
23.156636 
23.403528 
24.229442 
31.032336 
31.580884 
21.989653 
9.873346 
25.702411 
10.931697 
27.425798 
24.223346 
27.221474 
27.454472 
31.846606 
24.822723 
9.975541 
32.686883 
23.084859 
9.834250 
33.041920 
30.627368 
27.511276 
28.047293 
16.243329 
28.100283 
29.369485 
26.843645 
21.358889 
22.030900 
32.234129 
31.325723 
23.591739 
26.778608 
32.525981 
9.833705 
27.234452 
21.855911 
9.875055 
25.218953 
23.179785 
23.595828 
29.924552 
28.712067 
27.087636 
26.673311 
32.302041 
9.833350 
25.104696 
26.206164 
30.242885 
32.450687 
30.087242 
23.535228 
33.058849 
23.054202 
21.654644 
24.048445 
27.153109 
25.431984 
23.371743 
23.545018 
26.493421 
22.779901 
22.825877 
23.167029 
9.833350 
27.754796 
33.164699 
26.315647 
27.685565 
32.056428 
10.177499 
28.063685 
21.942559 
31.776091 
22.767294 
27.435193 
25.251449 
18.543145 
21.324761 
31.043855 
31.903218 
23.037556 
27.611231 
30.399141 
29.078963 
31.479722 
31.498231 
31.767380 
24.175766 
30.280190 
13.323045 
22.071410 
26.723356 
25.466348 
32.088654 
23.150993 
14.443432 
9.833351 
21.815042 
32.622843 
30.028792 
28.548113 
26.574403 
14.218221 
9.833350 
24.676583 
33.058771 
9.922299 
23.650297 
21.326879 
23.592243 
28.097393 
23.192668 
31.537943 
32.179736 
9.833350 
24.155744 
12.940686 
28.290748 
13.001163 
27.257337 
31.311785 
31.002236 
29.487496 
29.216910 
23.469965 
22.327745 
21.662187 
24.066542 
23.586699 
27.684305 
24.046888 
26.356281 
23.775275 
30.336574 
23.430219 
28.381965 
23.206175 
22.251040 
23.383899 
23.984536 
23.920078 
23.412712 
9.960338 
23.391705 
29.445574 
30.117663 
25.905593 
9.833350 
23.024998 
21.710182 
24.155690 
27.229401 
31.713832 
21.232056 
24.055699 
9.834230 
23.320328 
27.759284 
22.728031 
32.618281 
24.716681 
23.284411 
28.246703 
30.949709 
23.160222 
24.349028 
23.631805 
32.636101 
23.183125 
23.865448 
28.482740 
23.179012 
26.373088 
27.608021 
30.750678 
23.137139 
22.539878 
30.552653 
23.413375 
29.979887 
27.367020 
31.566517 
23.680914 
31.807352 
26.214571 
23.859890 
29.713193 
22.013443 
30.736105 
30.890936 
28.779608 
9.833350 
23.468294 
22.216910 
25.934851 
24.574971 
32.192731 
27.769722 
26.967632 
28.206821 
23.875491 
31.347420 
9.833350 
32.841945 
10.431495 
24.441058 
29.521278 
32.983136 
23.937035 
25.989123 
27.810064 
24.597005 
31.996079 
24.932138 
32.658540 
23.415081 
24.222348 
24.164659 
23.681824 
32.049158 
32.642164 
24.040219 
26.516762 
31.568628 
22.131332 
26.430153 
27.018291 
26.181674 
9.961064 
9.833350 
21.731930 
29.202572 
31.641886 
30.406239 
31.357151 
23.751159 
22.855274 
22.961714 
31.586788 
21.591057 
28.752275 
23.648503 
27.761510 
29.020174 
32.323950 
26.550952 
31.360588 
22.001717 
23.595597 
18.825661 
26.221289 
23.788655 
27.644109 
23.222076 
23.629214 
30.119379 
31.701139 
25.079972 
24.737042 
24.930923 
21.499166 
32.073750 
22.465371 
29.343794 
31.380797 
28.180555 
22.757919 
26.198974 
23.416993 
23.782792 
25.400329 
31.449388 
22.400759 
9.833877 
28.056165 
23.016858 
27.040561 
24.374162 
9.833350 
24.494577 
20.492708 
25.206240 
26.863342 
32.365402 
22.283638 
23.736873 
26.101556 
24.704613 
23.962991 
23.463220 
32.311784 
9.833350 
25.125436 
25.338912 
9.833350 
23.158193 
24.081448 
25.033929 
23.682812 
24.251732 
28.328147 
33.187780 
24.005497 
26.750677 
9.833350 
27.479339 
22.547258 
24.375681 
25.946816 
9.989802 
24.175726 
24.095729 
23.385988 
25.718847 
24.805704 
27.813788 
27.239316 
32.117303 
22.979070 
24.570149 
21.678858 
26.343207 
22.189662 
23.016385 
24.103586 
26.664425 
24.103251 
22.983196 
24.274995 
9.833350 
23.910929 
26.136694 
25.252407 
26.897486 
22.013379 
23.131598 
25.987736 
23.578080 
23.719116 
23.102318 
21.935843 
21.473276 
23.523265 
23.908056 
10.702289 
22.400402 
24.958041 
23.088176 
29.241061 
23.553710 
23.873635 
9.833350 
25.777919 
26.960252 
23.725687 
21.502773 
21.373651 
9.833350 
26.955452 
9.833350 
17.566458 
23.799577 
10.426200 
22.833589 
22.889405 
24.914130 
27.005193 
9.833350 
21.518611 
30.640158 
31.180444 
31.495840 
10.875409 
23.885059 
9.871322 
22.934863 
30.059367 
23.614472 
24.094285 
32.004290 
25.256711 
30.385525 
26.231269 
9.833350 
31.752876 
23.221416 
24.238808 
23.889286 
22.511045 
25.007247 
21.439792 
30.384234 
22.032283 
22.564113 
28.392209 
27.534911 
26.277319 
29.508820 
9.833350 
25.358836 
10.107724 
26.142985 
23.550343 
23.378769 
23.431476 
30.145915 
23.308644 
23.389105 
23.603499 
24.821859 
33.179730 
22.474799 
30.481449 
23.217746 
21.341329 
26.139855 
31.693452 
31.995055 
21.379601 
22.462966 
23.966177 
9.833350 
9.833350 
23.524735 
25.666930 
22.264125 
21.806381 
21.637865 
9.833358 
27.963182 
9.833350 
10.979877 
23.270925 
22.918708 
25.730705 
24.084920 
28.929811 
30.597260 
23.584256 
24.228119 
21.309284 
28.641574 
24.500620 
9.833350 
23.235871 
29.068320 
23.149177 
9.833350 
31.491371 
22.023103 
30.681443 
22.780426 
10.869992 
31.821422 
9.833350 
23.535661 
22.418445 
23.997573 
23.581723 
23.235699 
9.837486 
23.563205 
23.686982 
21.832048 
22.773693 
24.005558 
9.833350 
23.663318 
22.922974 
28.856770 
11.256511 
33.516923 
23.800998 
33.383828 
25.394791 
23.675862 
29.752449 
27.067366 
22.729531 
9.845637 
24.189039 
24.096468 
32.026620 
25.529719 
10.151566 
23.599953 
23.138675 
27.433548 
23.004260 
30.107879 
27.543395 
22.227382 
31.603797 
24.022618 
9.833350 
22.674701 
23.495650 
23.936651 
21.946911 
23.351590 
24.395609 
24.928582 
9.957721 
26.233486 
27.830914 
26.638143 
23.803332 
23.572982 
24.979611 
24.006200 
23.501561 
23.909570 
28.349450 
22.541514 
22.152375 
28.605883 
26.913708 
29.261995 
23.172638 
29.589695 
30.022463 
23.896557 
23.884644 
23.932037 
27.948433 
16.495635 
26.414950 
33.722424 
23.189936 
21.552606 
25.772205 
9.834728 
23.593270 
25.814677 
22.972749 
22.752021 
23.734007 
22.998683 
26.232319 
31.306820 
23.400922 
24.639466 
24.156411 
28.004362 
22.812645 
26.829572 
22.860705 
22.759218 
23.502538 
23.691268 
21.708191 
10.015383 
22.620945 
27.541264 
25.818691 
23.169759 
29.225651 
25.418691 
9.833350 
28.411846 
24.479124 
23.528502 
27.283673 
23.646222 
33.095785 
9.833362 
30.312746 
23.488367 
23.353421 
26.182807 
23.576887 
24.058571 
23.936004 
22.154197 
27.572033 
23.626827 
25.583876 
23.141268 
21.747945 
23.153527 
29.032270 
22.440755 
31.025430 
24.069821 
26.263015 
23.734625 
21.839224 
23.011663 
12.709434 
9.833682 
21.783292 
22.985061 
24.854345 
23.435441 
22.992527 
22.547586 
24.924688 
25.550134 
32.024060 
23.895250 
23.094766 
33.078334 
30.825967 
24.255022 
21.733867 
26.261024 
25.530574 
9.851089 
9.833350 
27.950648 
31.257380 
32.016100 
21.612503 
22.964266 
27.311634 
25.775853 
22.532872 
32.527403 
31.304717 
9.833350 
17.416875 
23.060581 
27.284944 
23.261165 
25.990943 
25.580067 
29.416376 
27.527844 
23.982491 
29.903880 
27.104742 
25.615051 
22.078175 
23.373403 
23.849916 
31.644943 
25.124190 
28.226226 
27.716560 
22.971790 
23.487239 
29.839907 
28.925139 
22.956523 
22.984920 
28.811859 
24.176699 
22.390589 
9.833493 
9.833350 
25.097338 
27.508950 
23.422206 
23.648729 
31.301544 
23.479621 
22.919051 
24.203157 
23.140023 
22.867276 
23.170911 
22.534004 
23.098147 
31.899308 
23.770574 
24.678168 
9.833350 
23.855363 
26.870488 
9.833350 
27.029890 
9.839027 
28.042239 
24.168214 
13.773500 
9.836507 
23.269004 
22.028689 
9.833350 
23.659357 
28.141915 
24.226517 
21.864699 
9.833350 
23.722819 
32.243702 
27.331304 
28.963149 
23.600619 
32.594610 
32.602004 
23.267437 
26.695047 
9.833350 
9.833350 
9.833350 
21.781443 
23.110271 
27.151221 
23.919650 
23.821317 
28.975635 
9.833350 
9.994635 
30.000996 
32.764479 
22.133599 
23.437020 
9.833350 
31.951677 
21.747373 
23.533350 
24.559065 
23.460502 
27.492490 
9.833350 
9.833350 
22.645541 
24.184948 
22.529275 
23.844771 
26.868608 
24.429135 
29.996070 
9.833350 
21.833715 
23.834093 
24.031569 
27.921633 
31.873897 
23.165704 
29.979694 
24.177048 
24.251566 
10.014027 
23.780188 
22.269731 
28.043039 
11.838601 
23.793877 
32.525392 
31.747285 
25.396701 
32.324852 
28.554015 
30.945153 
27.636756 
31.841242 
29.525586 
25.178740 
10.744566 
28.926561 
27.378126 
23.762778 
31.926499 
20.629666 
29.533073 
29.683158 
26.548414 
21.867741 
29.240744 
9.833350 
27.954274 
21.264126 
9.898476 
33.933909 
30.498682 
23.782380 
23.098412 
26.688697 
32.993356 
9.833653 
23.277098 
23.429255 
29.279356 
32.846394 
23.645704 
23.607836 
26.197001 
22.710267 
9.833350 
22.744130 
27.500349 
9.833426 
30.816102 
23.324845 
23.915777 
22.976245 
24.129748 
23.629223 
24.193427 
24.588480 
23.035687 
26.379378 
23.718461 
23.203284 
24.061918 
25.332407 
22.644946 
25.407786 
21.407917 
9.921433 
22.412219 
24.573141 
23.201206 
9.833361 
9.833350 
9.833350 
22.503964 
22.221534 
25.116525 
23.078241 
23.889037 
25.181192 
31.325462 
27.471307 
26.955686 
23.140875 
24.197471 
23.960721 
23.275971 
16.778990 
23.537824 
22.700564 
25.522581 
24.866914 
29.063458 
32.625365 
29.013040 
9.838282 
25.276550 
27.543702 
27.315365 
33.125539 
31.863640 
14.539328 
23.131558 
23.923059 
22.655542 
31.370097 
31.466586 
25.227919 
30.115571 
24.205576 
27.981749 
24.578125 
25.907523 
28.683138 
23.414219 
25.982110 
24.349568 
21.756798 
25.146562 
33.078263 
22.882395 
30.180510 
25.998927 
29.468872 
23.558460 
27.988342 
27.543978 
27.955985 
21.583255 
29.247785 
23.550793 
26.941759 
23.983900 
28.957146 
24.070136 
27.719150 
24.210523 
26.912972 
31.400120 
31.461307 
9.833350 
24.040647 
27.582531 
21.592968 
23.454053 
22.707852 
29.129799 
23.268681 
22.538929 
32.785734 
23.709725 
24.525705 
33.001911 
32.084422 
29.346908 
21.721006 
31.813665 
32.520839 
27.590116 
23.975847 
24.052839 
24.371493 
31.956483 
23.578142 
26.723550 
32.524116 
9.833354 
31.268798 
25.984140 
30.866201 
28.664715 
27.060776 
27.070784 
10.015217 
27.114040 
27.369505 
23.211530 
21.985450 
23.531937 
31.140171 
33.204011 
30.335575 
9.833350 
24.219669 
24.243427 
9.833350 
31.693358 
23.843763 
