36.847042 
34.935180 
36.838603 
35.093036 
34.143322 
35.104309 
35.750668 
26.869650 
36.887271 
35.215271 
31.716876 
30.363388 
34.576164 
36.209091 
32.494778 
35.517523 
35.729619 
30.651618 
36.742972 
31.485740 
35.666743 
37.455368 
30.885140 
34.804449 
35.160809 
35.697007 
34.886282 
41.533300 
35.117760 
30.765590 
37.824942 
38.154997 
33.049017 
33.321787 
36.204310 
36.182091 
36.291846 
37.323043 
34.530373 
35.184021 
32.792353 
27.205143 
36.344096 
32.675819 
28.102544 
37.124281 
36.783543 
32.599917 
30.187297 
36.627824 
35.256930 
37.533074 
33.124053 
32.550540 
32.675798 
32.849647 
35.895188 
30.647124 
35.276223 
35.693341 
36.180609 
35.798110 
35.644852 
34.177733 
36.577113 
27.455419 
33.445927 
33.115407 
27.958076 
33.489527 
35.968203 
33.461624 
34.161485 
37.787892 
35.679827 
35.598271 
41.533300 
35.000223 
35.709225 
31.005919 
36.850294 
33.294743 
36.611398 
32.808250 
35.061145 
36.415033 
35.653264 
33.311804 
36.532879 
36.349610 
36.785554 
26.925020 
36.365350 
36.842176 
35.745310 
36.086974 
34.601176 
35.228482 
34.560263 
35.174124 
35.161105 
36.350826 
13.264087 
37.569114 
33.888413 
35.929768 
37.379974 
40.807542 
34.988275 
27.717503 
36.871623 
36.619722 
41.533300 
30.209654 
35.888791 
32.097148 
36.080450 
34.587194 
35.023742 
36.210673 
35.155849 
29.988768 
35.469408 
27.133901 
36.668517 
35.819061 
35.244467 
37.483660 
35.347315 
33.945243 
36.222131 
19.707894 
33.928263 
32.614850 
32.422745 
40.202546 
35.674033 
35.848255 
36.773461 
36.697808 
31.275550 
36.725103 
38.049786 
32.216781 
34.786083 
34.921868 
36.006989 
35.244942 
34.429777 
34.088033 
32.646956 
33.397311 
21.169301 
37.024329 
36.179938 
34.992073 
37.895232 
35.999462 
35.559206 
27.758628 
34.978870 
36.110819 
34.106145 
32.493123 
34.104865 
31.512443 
36.585084 
32.901937 
35.411880 
27.238928 
31.540988 
36.657592 
35.379314 
38.503386 
35.132837 
35.374916 
35.113332 
35.125402 
36.313326 
35.638275 
34.882995 
36.900504 
30.893114 
30.993223 
32.458586 
34.225193 
37.002232 
32.212795 
31.406306 
34.926198 
36.873191 
27.015240 
32.598886 
35.390091 
33.790357 
35.575771 
31.727810 
36.828336 
35.682881 
36.784695 
37.256766 
32.555591 
29.998841 
35.676131 
27.814981 
34.528790 
36.480250 
35.066921 
33.789091 
32.766594 
33.310703 
35.228614 
32.661954 
32.510688 
40.604025 
31.269744 
36.430985 
35.063621 
32.329388 
37.028331 
35.229657 
37.408964 
35.024498 
35.252487 
36.364540 
32.093421 
34.857015 
30.029729 
37.027019 
31.324419 
29.013200 
24.299223 
36.086734 
41.533300 
36.746195 
29.460818 
36.974020 
33.238587 
33.025805 
31.657758 
35.644856 
35.580242 
37.541920 
32.668998 
35.513993 
32.110362 
34.223785 
29.696664 
36.712890 
36.705594 
36.819090 
36.824026 
31.432532 
34.234604 
33.689032 
34.796111 
37.569200 
31.623062 
41.088011 
36.608487 
35.589134 
20.062829 
36.854183 
35.020506 
34.768707 
35.237572 
31.694908 
35.321566 
32.134925 
34.219121 
31.608041 
33.717730 
34.972796 
30.427149 
32.511998 
36.071524 
26.833470 
34.466356 
31.626374 
33.570565 
36.161935 
32.874287 
35.391330 
27.637814 
32.761449 
35.148546 
36.042060 
31.155104 
35.709898 
32.449963 
35.409068 
36.333844 
35.149729 
35.543955 
15.512377 
36.739753 
35.262669 
27.720196 
35.503014 
35.962527 
35.466973 
32.725287 
36.711868 
34.964282 
35.000802 
35.728564 
35.032354 
38.689728 
36.870978 
35.918270 
32.961020 
41.380523 
36.984309 
34.216165 
41.533300 
34.345958 
36.017006 
35.454984 
34.791700 
36.198739 
36.569422 
33.114402 
30.412560 
33.618664 
27.430605 
36.872149 
33.191022 
35.444270 
35.318317 
32.331941 
35.582621 
32.746459 
35.295116 
35.580522 
34.667783 
36.351214 
33.811753 
33.209043 
31.834071 
34.918340 
36.830563 
36.661164 
34.514439 
32.400957 
33.401778 
35.134808 
30.146733 
34.789373 
35.775363 
29.854536 
34.088412 
34.280899 
34.945362 
30.668243 
35.518762 
35.071008 
29.340780 
31.932249 
32.925277 
32.895996 
27.598869 
36.885137 
32.284491 
35.693725 
40.262602 
34.924007 
31.837337 
33.548299 
33.154793 
33.733025 
36.197138 
35.567462 
35.723426 
35.376109 
34.161988 
34.614578 
41.533300 
31.385594 
35.057887 
36.409376 
26.839492 
13.094435 
31.655355 
35.499018 
36.081375 
36.553399 
35.446986 
31.476355 
35.139623 
38.126216 
35.152879 
32.003840 
34.044679 
40.016463 
32.095689 
35.533998 
35.942853 
35.038694 
30.857027 
35.046459 
35.535506 
37.896911 
35.785543 
35.132471 
36.113670 
36.359305 
35.158104 
20.963669 
34.027854 
35.519827 
34.663235 
41.533300 
37.016102 
35.537526 
33.060055 
36.800750 
30.496398 
32.418565 
34.754329 
27.435827 
35.230396 
36.186472 
35.979313 
35.107552 
30.604173 
36.823982 
34.890996 
35.772595 
34.348355 
33.820680 
37.213164 
31.435756 
35.862691 
32.869228 
33.957053 
32.034233 
35.830710 
36.303976 
35.192760 
41.533300 
40.349373 
36.480412 
35.566347 
35.326972 
35.826721 
36.113570 
40.299447 
32.638925 
34.320729 
30.805258 
34.724888 
33.257165 
34.936909 
37.598137 
35.099297 
32.174595 
35.488266 
35.005713 
27.896956 
33.103213 
34.429351 
35.186918 
35.595041 
34.955285 
32.361753 
36.999807 
33.531811 
31.977041 
34.997911 
32.368165 
30.361414 
32.531132 
33.323232 
34.725043 
33.640640 
36.153965 
33.794614 
33.912378 
36.706057 
35.805933 
32.978662 
36.350173 
34.491202 
34.975117 
12.810234 
32.372991 
27.178601 
32.779145 
31.719739 
39.837658 
13.117812 
38.864940 
33.492169 
32.513613 
36.362390 
35.595895 
37.404784 
36.222803 
37.140419 
37.038900 
34.827255 
27.355383 
33.377633 
32.434375 
30.322091 
31.956045 
35.967097 
31.997245 
34.971905 
35.810531 
34.958464 
32.569002 
33.834415 
35.485079 
37.088570 
33.450763 
19.528061 
35.420666 
32.973488 
31.642339 
36.307132 
38.093214 
27.865702 
36.752255 
35.259251 
36.840694 
36.629624 
36.908154 
33.962341 
31.759221 
35.227671 
37.444362 
34.688551 
35.530685 
32.754434 
32.474615 
37.053380 
35.474759 
34.837634 
35.468485 
33.662854 
33.207004 
34.383126 
32.790397 
31.494546 
32.559486 
35.133884 
30.802298 
35.771058 
33.506422 
37.160294 
41.533300 
27.671641 
30.393038 
40.985380 
35.012143 
36.187350 
36.789100 
34.511063 
33.453971 
32.539954 
33.469091 
34.875228 
36.849181 
32.545671 
38.964766 
34.862546 
36.032396 
34.338932 
27.886643 
39.728287 
36.321733 
41.533300 
34.266525 
35.704738 
37.148000 
37.143708 
34.511711 
37.672758 
34.562786 
34.353911 
30.251166 
12.766688 
36.391087 
35.516396 
33.203121 
33.781591 
36.093066 
36.505791 
33.187592 
30.704472 
34.992616 
32.145455 
36.830615 
34.162030 
35.298316 
35.657646 
34.752028 
35.396275 
30.372455 
33.501066 
41.533300 
35.087510 
35.346654 
34.959091 
34.366530 
34.573787 
35.298053 
35.430058 
34.024487 
27.372873 
36.435225 
41.533300 
35.451626 
35.148662 
26.938421 
32.925429 
36.529840 
35.325345 
35.087741 
34.813255 
33.091603 
36.757401 
36.630559 
36.016926 
37.414880 
35.993198 
34.322342 
33.593054 
34.902673 
31.431529 
33.723173 
36.215141 
12.897741 
30.253646 
41.533300 
35.942197 
36.710037 
36.291711 
35.152208 
38.618410 
36.822889 
34.840791 
36.741450 
36.556207 
30.242133 
34.835010 
37.408535 
34.967273 
35.107969 
35.076733 
36.145843 
35.037040 
31.583573 
36.960303 
36.635272 
32.717358 
32.873800 
32.237734 
35.367542 
35.900670 
36.675031 
33.193836 
36.361325 
36.010765 
35.129343 
36.740018 
41.515249 
30.111100 
34.736088 
35.297244 
35.060801 
41.240171 
37.050070 
36.863989 
33.453833 
31.587753 
30.781314 
38.087298 
36.235687 
33.459602 
35.085718 
34.857343 
36.575560 
34.149211 
31.566143 
37.352363 
32.405584 
36.586296 
32.437530 
35.185308 
36.994767 
36.305641 
35.342394 
32.556331 
30.929882 
35.143568 
36.921072 
34.619496 
36.104373 
35.728753 
32.104133 
33.798044 
35.545092 
33.809101 
35.292455 
31.507398 
35.153949 
35.911992 
32.863551 
36.856584 
35.102825 
36.342265 
32.096917 
34.903204 
37.053965 
34.855496 
35.285924 
34.319241 
29.002116 
35.335211 
36.741198 
36.402310 
36.808755 
35.171515 
35.951526 
40.624831 
33.488400 
29.743839 
35.825616 
34.592708 
36.648954 
35.508902 
36.139049 
34.994515 
34.910772 
36.480306 
35.182975 
37.375152 
36.598561 
32.171806 
37.594385 
35.691941 
32.757862 
37.090019 
35.859485 
33.161098 
36.423450 
12.769554 
31.701773 
32.597892 
36.784220 
34.840166 
37.002909 
32.017068 
37.100076 
34.208354 
35.243012 
32.453762 
36.040826 
34.408664 
36.821785 
35.621534 
36.750837 
26.949713 
35.250654 
32.822772 
34.325850 
34.472834 
27.171731 
36.749991 
33.239934 
36.174127 
35.775036 
32.892795 
34.201982 
36.527976 
32.763956 
32.144975 
32.013824 
34.347723 
30.316899 
35.059124 
33.692109 
31.304642 
29.443503 
33.941907 
37.529614 
36.265007 
41.533300 
35.761468 
32.156928 
32.226437 
31.883713 
37.125476 
31.908878 
35.667085 
36.489893 
37.291826 
41.533300 
36.162982 
32.779404 
36.066466 
32.247756 
37.322541 
33.772386 
36.419992 
27.144184 
33.386179 
36.741019 
17.283555 
35.454857 
33.678700 
36.779015 
38.253576 
41.069659 
34.403292 
32.124408 
37.447082 
34.407288 
35.824699 
41.470736 
36.479869 
20.472121 
33.767610 
37.785054 
33.882040 
33.423129 
41.533300 
37.334443 
34.723129 
36.557285 
35.273912 
36.331965 
32.772226 
33.222672 
34.731668 
34.038655 
31.100708 
32.172664 
33.843470 
30.400322 
33.344885 
31.773451 
34.840743 
32.582914 
37.021524 
34.848657 
36.669181 
33.238099 
33.464784 
37.131248 
34.189864 
32.844569 
32.814533 
30.493041 
31.635837 
34.518471 
36.680408 
28.893612 
32.519942 
34.249726 
33.562285 
34.854259 
40.315395 
35.643045 
27.354817 
36.380044 
37.368029 
30.162728 
36.297488 
36.983500 
36.625751 
32.214987 
27.467645 
36.564066 
36.687164 
26.900820 
36.858245 
34.755841 
33.590868 
31.665088 
37.484203 
36.553414 
32.758082 
34.418223 
20.040141 
30.072856 
36.879782 
35.374468 
37.117321 
36.913128 
33.409463 
36.309688 
30.151967 
37.532709 
32.709756 
32.623414 
35.030777 
37.558649 
35.266895 
32.725571 
36.669595 
36.209338 
31.860198 
30.231559 
35.060230 
40.626942 
28.110115 
32.935635 
32.116513 
32.883552 
36.778317 
32.486499 
34.401750 
33.960545 
35.549873 
36.840993 
36.727929 
36.939942 
36.458282 
34.587652 
39.538290 
31.782209 
33.411132 
29.616300 
37.033951 
32.652126 
34.893780 
35.587040 
30.723168 
35.067955 
32.673622 
29.454961 
31.533842 
36.914148 
36.102308 
32.725270 
38.192193 
35.493619 
16.307203 
36.434219 
38.690557 
35.860250 
31.855314 
32.028114 
36.411259 
35.678036 
35.914797 
13.510950 
35.645791 
36.399917 
40.453441 
34.924206 
34.077642 
31.830626 
36.288845 
33.516582 
36.634829 
29.952609 
33.687490 
34.555465 
14.364207 
33.334980 
33.539883 
37.019667 
12.881191 
35.941422 
30.205415 
36.691314 
32.394643 
36.793896 
36.919493 
14.003648 
41.213290 
36.414199 
27.092983 
37.369356 
30.694551 
36.824553 
33.236620 
34.930860 
30.484627 
33.816551 
35.999305 
36.361829 
34.822244 
36.426106 
34.981974 
36.995043 
35.412575 
35.432397 
36.996725 
38.273429 
35.966300 
33.783926 
35.236396 
36.984474 
36.387739 
32.649545 
27.843079 
37.022616 
31.098240 
36.098608 
30.468424 
35.664104 
34.443456 
27.482159 
36.881155 
36.875716 
29.805052 
36.431985 
36.210481 
36.236057 
32.646071 
36.948273 
34.120469 
30.967575 
30.181556 
33.892829 
35.081702 
36.428811 
27.570693 
33.996334 
33.894114 
33.470077 
35.194325 
33.749589 
35.358195 
19.826627 
27.670347 
35.917489 
34.014013 
37.108354 
36.971888 
34.529217 
36.006029 
36.560764 
36.324180 
35.415223 
36.616860 
34.408570 
31.552351 
32.278407 
36.323026 
34.286040 
39.609710 
38.551235 
30.129381 
28.095559 
33.315496 
36.323542 
27.758725 
31.597497 
29.827269 
34.838085 
31.275975 
35.512533 
37.215750 
36.151660 
34.892152 
36.817060 
35.156757 
27.661827 
35.319748 
29.526830 
35.060708 
35.047449 
34.815819 
30.364203 
35.902497 
32.317142 
34.292230 
32.884761 
36.614691 
33.825956 
33.671695 
41.533300 
26.980577 
32.593567 
38.812438 
36.225223 
30.737546 
35.699693 
36.803786 
34.926847 
33.448149 
36.008718 
34.236062 
40.322115 
33.426947 
36.749048 
31.083088 
39.031929 
32.649616 
38.310500 
36.383755 
41.533300 
30.477104 
35.140997 
36.388590 
38.314943 
33.272759 
33.281193 
35.392409 
34.244764 
33.284559 
36.264356 
35.477865 
31.224723 
36.492902 
34.632588 
32.797660 
36.644212 
33.858194 
34.308838 
37.586401 
36.426508 
31.888171 
34.442861 
41.526634 
35.835254 
30.063490 
33.840240 
35.045191 
34.499025 
36.878958 
13.636971 
35.393670 
40.223212 
36.118630 
34.731593 
32.713419 
34.430233 
36.925010 
34.428771 
36.152179 
33.871423 
36.768397 
36.095279 
34.790051 
26.912035 
32.959516 
36.457245 
33.277288 
27.903765 
39.498719 
36.342821 
34.356637 
32.044748 
34.720799 
30.474987 
31.862293 
31.529796 
37.162538 
33.205863 
38.359622 
40.319156 
36.897231 
30.763039 
36.499281 
32.632615 
39.391185 
36.812969 
32.586995 
33.148792 
32.205308 
36.866691 
36.440684 
38.112399 
32.091538 
33.625751 
34.023691 
35.193950 
37.211191 
34.198164 
33.839190 
36.464652 
35.204950 
35.678509 
36.824513 
33.394202 
36.132258 
38.106667 
32.569154 
13.044898 
32.118736 
33.536780 
14.048310 
34.690475 
34.739745 
32.703685 
36.168357 
37.489813 
36.662271 
33.541714 
35.010288 
12.879894 
33.115285 
37.547971 
31.953217 
34.298646 
13.402270 
37.191477 
35.578650 
27.926159 
36.318430 
37.372939 
35.437051 
41.533300 
34.580067 
30.348886 
27.852484 
36.689248 
37.098754 
30.144676 
34.474913 
34.259021 
31.543995 
36.691831 
36.454690 
37.082614 
36.580883 
34.096733 
32.674273 
36.598151 
41.533300 
36.877764 
36.560104 
32.824781 
34.127322 
32.218916 
37.749175 
34.088288 
36.763753 
15.761628 
39.561151 
37.144063 
37.546504 
34.065692 
27.901449 
36.299817 
36.048020 
36.711874 
29.129660 
31.278363 
33.995083 
35.613273 
34.085710 
32.186273 
34.570114 
40.070297 
33.027031 
36.665625 
20.500859 
32.734775 
36.135156 
36.612626 
33.881613 
35.964636 
35.795738 
37.250985 
36.713153 
36.746363 
34.446074 
33.683728 
35.690347 
38.456281 
32.826016 
38.033493 
39.057546 
34.662742 
32.413053 
36.645980 
34.467419 
36.814594 
33.608392 
33.508525 
29.930733 
34.378248 
36.871679 
37.003646 
29.722413 
28.062982 
41.353271 
34.743456 
31.480661 
31.476423 
35.272726 
37.205765 
21.198636 
32.090954 
31.662112 
34.330949 
36.619987 
36.947337 
33.209319 
31.652365 
31.477154 
15.955142 
37.504002 
33.464216 
36.769684 
39.454564 
32.615384 
35.488591 
36.924264 
34.581914 
33.543365 
31.829009 
36.708234 
36.502054 
35.194028 
30.277564 
36.284545 
34.254536 
27.773024 
29.808630 
36.776150 
31.954162 
36.786625 
33.800316 
27.846627 
36.621630 
36.958288 
36.868115 
36.625169 
30.361137 
30.752161 
35.530087 
30.042029 
37.170090 
36.980763 
35.472403 
36.904421 
35.032946 
31.823291 
31.493720 
35.488905 
34.187571 
33.705584 
33.715724 
37.204969 
33.717607 
35.796841 
37.008935 
35.441442 
34.520173 
41.533300 
31.528927 
37.202636 
32.472399 
39.775741 
35.145671 
35.148658 
28.844333 
32.325092 
30.533487 
35.369193 
35.448834 
32.533223 
37.061046 
36.489310 
35.978335 
32.659468 
34.686961 
36.220400 
39.374679 
30.974790 
36.025754 
31.436628 
35.592560 
36.347837 
34.533279 
36.717085 
32.764394 
33.264798 
34.058369 
36.571037 
27.199651 
34.909699 
35.947946 
35.705569 
30.514911 
32.410639 
34.545022 
34.864003 
35.151319 
33.573535 
35.246744 
34.841972 
35.201501 
36.715011 
36.712429 
34.037919 
33.868675 
32.337513 
32.987917 
36.875890 
34.933679 
27.458752 
30.662915 
35.356876 
36.563168 
35.431984 
36.165244 
34.789416 
34.142096 
28.060525 
35.487513 
38.848207 
35.627625 
32.556073 
35.370111 
31.418975 
33.682957 
30.992955 
36.807830 
36.129390 
13.125754 
35.908917 
32.632704 
34.936768 
36.394252 
36.626536 
35.812499 
28.127128 
35.923087 
27.521144 
35.429965 
36.708847 
34.253141 
38.151990 
37.848731 
35.949295 
36.470798 
33.600048 
27.838072 
36.850111 
37.545646 
40.977368 
