4.811223 
24.726830 
19.711117 
23.761553 
14.091286 
26.072735 
7.610003 
42.954698 
8.801108 
6.370039 
27.320675 
9.966273 
35.489149 
35.271283 
12.304139 
31.937221 
14.555910 
13.602016 
6.144709 
7.433433 
19.911673 
22.020012 
14.430503 
19.101237 
17.453700 
28.259402 
25.993086 
12.099340 
28.401169 
12.775194 
15.475382 
13.218686 
14.480678 
23.030249 
13.320562 
30.852496 
8.537349 
9.501076 
14.752461 
5.541136 
36.190224 
7.233827 
23.843400 
7.758993 
4.035539 
21.885972 
14.416086 
7.250324 
6.683897 
15.058547 
27.504931 
17.245452 
19.601828 
12.173198 
29.848236 
16.006289 
14.170062 
7.574154 
14.988684 
35.472884 
20.758981 
36.209137 
30.656555 
27.785011 
6.566816 
4.531827 
28.888905 
22.569370 
5.453242 
16.235626 
12.986876 
13.773632 
26.892852 
7.534694 
34.707071 
22.237672 
8.381288 
10.188141 
13.978131 
6.396093 
8.287681 
14.800702 
8.111982 
18.432288 
9.797826 
5.594663 
9.980678 
6.510928 
16.582496 
12.356739 
25.396028 
13.708630 
13.786934 
8.228241 
14.210848 
36.566291 
24.268979 
8.059210 
22.905151 
21.986552 
12.007085 
3.653011 
7.839987 
8.529041 
31.804559 
35.041827 
17.291331 
13.206052 
24.220135 
16.274801 
6.192153 
14.782903 
7.629397 
13.041094 
14.366625 
18.639231 
19.657064 
25.965250 
9.871895 
13.737955 
26.156521 
12.869552 
33.751736 
33.190284 
10.328472 
21.116286 
14.304624 
6.305757 
14.477090 
14.918158 
7.454273 
8.317531 
26.735633 
13.402189 
15.162829 
8.219365 
18.043963 
14.624850 
8.437339 
2.542653 
14.177190 
23.505768 
12.614887 
7.938266 
28.305369 
9.944772 
18.708721 
18.154290 
18.169716 
5.549297 
18.604073 
22.821354 
13.157424 
10.090401 
24.493270 
27.889216 
31.629716 
16.620715 
23.370521 
5.322899 
24.880699 
15.381905 
25.274709 
12.956958 
12.952128 
11.245418 
15.164643 
8.325805 
23.190375 
3.925830 
36.787976 
12.307718 
17.515704 
8.803965 
34.267334 
18.164024 
13.007027 
19.648600 
18.365546 
8.347522 
32.076274 
5.753856 
5.516150 
7.950473 
24.670683 
23.533387 
12.992726 
24.507682 
14.734993 
13.786485 
7.658287 
0.316568 
11.991556 
12.979228 
5.827087 
12.479653 
8.913297 
8.021206 
18.906755 
16.003258 
13.350951 
14.005374 
5.177724 
11.209609 
8.299619 
30.109378 
6.460179 
8.091081 
15.054404 
24.013020 
12.375909 
25.689184 
8.501659 
8.511139 
13.633739 
41.573668 
9.493670 
36.672136 
9.614738 
6.242518 
32.992604 
15.882906 
35.789918 
18.724097 
23.952088 
14.504738 
33.611829 
7.128383 
19.495135 
15.628394 
7.184825 
4.520880 
27.622271 
10.549048 
8.357575 
38.761182 
11.910576 
14.829505 
18.979970 
13.661254 
24.998478 
34.303384 
12.044224 
9.283477 
19.734833 
13.988988 
14.333935 
5.072533 
8.983245 
9.791077 
18.308722 
9.816525 
7.903882 
40.952251 
24.389729 
36.407860 
27.418150 
16.025663 
13.643949 
2.733931 
18.222915 
4.162740 
8.249777 
21.998811 
21.483004 
16.431383 
13.267126 
19.483595 
41.019888 
13.918057 
20.356576 
26.776852 
34.990931 
8.584631 
12.672728 
17.698204 
2.006010 
22.295230 
9.746246 
40.007137 
10.751772 
19.051524 
35.041292 
6.738089 
34.922373 
31.301750 
14.773814 
7.223612 
19.877087 
18.802301 
34.516085 
5.635662 
25.552143 
14.930059 
3.227031 
15.985163 
16.974998 
6.272166 
7.832687 
8.577293 
18.630081 
5.702027 
14.837854 
34.172421 
25.350514 
14.405089 
26.449381 
15.961073 
12.201326 
19.569871 
10.473987 
34.953114 
8.852467 
14.314759 
10.532855 
23.501134 
6.256918 
34.922498 
30.923733 
16.835291 
11.047964 
20.215201 
7.437151 
39.664875 
11.144388 
8.017177 
8.698163 
15.245846 
18.181274 
23.865393 
16.757547 
10.793073 
14.739707 
13.208164 
35.990528 
26.390809 
36.189840 
37.804809 
14.631882 
16.110366 
8.145773 
13.156261 
23.015640 
25.422998 
6.203940 
24.510159 
5.013035 
8.965732 
17.945183 
14.850718 
16.223137 
13.908364 
5.866562 
12.468806 
13.658062 
35.600985 
9.585443 
15.507611 
23.016017 
12.235501 
35.818435 
8.307402 
10.929368 
17.562949 
21.061655 
33.484432 
13.701082 
23.834591 
23.410434 
35.539010 
20.017217 
26.594646 
28.154849 
36.061854 
24.996513 
20.861227 
14.511015 
6.425067 
24.667812 
6.326510 
5.764320 
0.209308 
3.880980 
28.430778 
16.961053 
8.138027 
10.079637 
13.272856 
30.991714 
11.216985 
14.527126 
8.659187 
32.931816 
18.106476 
35.926939 
15.001773 
26.014150 
30.803037 
8.642143 
16.403125 
13.678461 
12.462939 
12.166841 
17.413811 
18.019681 
34.830226 
18.409447 
6.191308 
18.219845 
35.249644 
21.746548 
10.886483 
32.817841 
28.786892 
14.547808 
7.679044 
41.044511 
14.091971 
34.029735 
4.522917 
13.987107 
12.719829 
18.564035 
20.653217 
6.422752 
11.634190 
23.947057 
32.858529 
13.994202 
13.834328 
18.207390 
37.791021 
9.301355 
39.364632 
33.122401 
15.246018 
37.435626 
5.973488 
23.996581 
12.266990 
13.389888 
19.475348 
30.241295 
34.223411 
12.837371 
32.785213 
33.464369 
22.635833 
14.169360 
8.742345 
25.191879 
26.463368 
32.541832 
9.455243 
22.268044 
8.072029 
14.368398 
13.002569 
34.258689 
13.452295 
29.459263 
29.024128 
14.333364 
18.263219 
14.864360 
11.840643 
9.106944 
25.627688 
19.833075 
14.440614 
7.732026 
12.766874 
8.362332 
21.081709 
24.121594 
31.992163 
22.461845 
39.210611 
4.285982 
24.498793 
14.753334 
8.018433 
34.007253 
35.406769 
2.242808 
11.321670 
6.318882 
8.198766 
22.787984 
17.441390 
15.336155 
14.722668 
19.475533 
41.466880 
15.762223 
24.771481 
37.304440 
14.084546 
15.391033 
9.740731 
34.781695 
8.580984 
22.957110 
10.180702 
21.126484 
37.463149 
17.432951 
6.292757 
19.882290 
34.488312 
35.848238 
27.365855 
14.317293 
24.728918 
12.246621 
11.137007 
2.329429 
19.430608 
37.962718 
41.062901 
22.914583 
36.320174 
5.721253 
3.767611 
28.784508 
15.368672 
16.841076 
7.807202 
37.318898 
42.055674 
16.288033 
12.028477 
6.254084 
28.860627 
13.023281 
8.809250 
19.202321 
40.220555 
14.102126 
17.571966 
7.512944 
22.846435 
13.696039 
18.661362 
6.302678 
5.916124 
25.113127 
7.275892 
14.357959 
5.606976 
9.658340 
6.182104 
12.957004 
5.695388 
15.895026 
18.987510 
17.577934 
12.199470 
28.613218 
13.052088 
13.323776 
38.172018 
16.939197 
7.815994 
16.764424 
14.582254 
5.993482 
31.388916 
16.906120 
28.882621 
17.763238 
5.815675 
15.745714 
21.372409 
5.548157 
35.373680 
8.883112 
18.466625 
19.353606 
20.843079 
15.384785 
4.840108 
0.183782 
25.267042 
17.502171 
35.660927 
10.236120 
33.066378 
15.235878 
11.389049 
15.937774 
36.371882 
7.706671 
6.330534 
14.195013 
30.229277 
35.818353 
24.563985 
34.828462 
14.523489 
13.810043 
12.503820 
25.527231 
18.492279 
24.073376 
21.137703 
24.049751 
35.064719 
22.245474 
6.333417 
38.087022 
33.157603 
27.015268 
7.880757 
25.078423 
2.754172 
12.702581 
16.386349 
13.222218 
35.509113 
37.482913 
32.970631 
8.064640 
34.708943 
19.989408 
18.855651 
38.895561 
14.436713 
6.951962 
36.208263 
11.280360 
34.887929 
29.085702 
0.245369 
7.743088 
14.438370 
12.499826 
31.598696 
23.167099 
18.453206 
11.045763 
17.502865 
34.980739 
37.990545 
15.608248 
22.317207 
19.091477 
33.261123 
40.132819 
20.918331 
16.632220 
24.311884 
25.916926 
14.749903 
17.877675 
5.626546 
18.314128 
21.468583 
16.223453 
38.850971 
12.708792 
14.669880 
13.210480 
24.475259 
21.660202 
23.689974 
15.576647 
10.540773 
5.697811 
17.290570 
25.144051 
35.768833 
6.308930 
10.781484 
15.556615 
39.471253 
13.596605 
10.847521 
26.302022 
17.152963 
32.245439 
19.532937 
17.222993 
15.808839 
19.168976 
12.858856 
22.497364 
18.153955 
5.858177 
14.801691 
8.736683 
38.715073 
5.597972 
19.945289 
34.665705 
5.709538 
18.763188 
34.461505 
19.213050 
18.484212 
19.681892 
14.496544 
15.517223 
16.447681 
27.642268 
18.147706 
12.949533 
35.076870 
28.645202 
24.730484 
12.410891 
13.213425 
19.221035 
21.932902 
35.981727 
18.204157 
5.878106 
16.383780 
22.735892 
13.090078 
35.817566 
12.124888 
17.685797 
15.262032 
14.947364 
18.904220 
16.896762 
18.618628 
7.063683 
19.419220 
38.131342 
23.562509 
25.901405 
17.307256 
13.989311 
32.643082 
11.755791 
25.351793 
19.520533 
14.196963 
13.858388 
36.164297 
15.155076 
11.353448 
21.441607 
29.264104 
30.203423 
8.930144 
1.739266 
10.400170 
22.654224 
33.983595 
36.103690 
8.416523 
12.105633 
6.749962 
13.888993 
34.892175 
22.716210 
18.663365 
34.198859 
15.957571 
16.314526 
21.890386 
42.477282 
22.750174 
23.989784 
25.232687 
18.877112 
35.050738 
40.319841 
18.541540 
15.929044 
41.178098 
13.952089 
22.453597 
25.231296 
16.304818 
18.710205 
6.793500 
14.618716 
7.328673 
19.778271 
14.003205 
15.011492 
5.044797 
19.414820 
31.060675 
15.566977 
16.740468 
22.441577 
24.756720 
5.463774 
13.858167 
8.743833 
39.008537 
20.527031 
12.427287 
13.770844 
7.978919 
15.166194 
6.031820 
13.693656 
19.357307 
13.941362 
8.268445 
23.986227 
14.948730 
11.788888 
13.506374 
2.936298 
22.773144 
14.107208 
6.213259 
15.509658 
9.798245 
20.101602 
9.344856 
9.652086 
36.444717 
22.184213 
20.968999 
35.268077 
6.072082 
16.404749 
14.262175 
17.642815 
23.391305 
8.779151 
15.031537 
25.961048 
15.046139 
25.910384 
11.159696 
15.514998 
29.474812 
33.086314 
13.388098 
14.591967 
16.747759 
21.783131 
8.398419 
13.560550 
35.104481 
12.985269 
25.881968 
11.809138 
35.076551 
4.752453 
17.980787 
14.636082 
13.899419 
25.479335 
8.645236 
23.304036 
9.931562 
8.454718 
31.797434 
12.050082 
9.220249 
16.683638 
36.079206 
23.492721 
8.228189 
7.085083 
14.753238 
5.240113 
8.406323 
32.761816 
6.480598 
8.749152 
25.645439 
6.482651 
7.219502 
4.769809 
12.076124 
2.501177 
42.722488 
14.457074 
8.513659 
34.481196 
11.043377 
9.194951 
27.024496 
22.265334 
6.799331 
6.031667 
6.491184 
14.663192 
26.053481 
12.307041 
12.414200 
13.491817 
12.635528 
16.365643 
13.317204 
36.025493 
22.571363 
21.878570 
25.700589 
15.317725 
13.682950 
6.355098 
16.814569 
28.267558 
13.909139 
28.475079 
6.325438 
15.022478 
10.838756 
13.972178 
22.565370 
16.817517 
18.340258 
13.829852 
35.710693 
14.082620 
3.014556 
10.846106 
11.685167 
17.832458 
13.582509 
13.496979 
14.714978 
22.647886 
34.077578 
9.628953 
24.329550 
16.466946 
14.687362 
7.735739 
30.393822 
13.792005 
5.613918 
14.101414 
23.707464 
14.113454 
11.776196 
10.230245 
11.260503 
4.128375 
15.379958 
17.034782 
11.305935 
8.728793 
12.913261 
11.673902 
14.655583 
13.579371 
3.931602 
10.753609 
11.104251 
6.473684 
27.626485 
35.932112 
19.516294 
23.140499 
7.495326 
7.628069 
5.463454 
9.894452 
15.354304 
2.470186 
30.007125 
18.124542 
30.627451 
4.414565 
21.723764 
8.554701 
28.360813 
34.441495 
8.888068 
20.885955 
8.407925 
10.740886 
6.537648 
5.618531 
15.974823 
10.903988 
7.466702 
20.552190 
17.405674 
7.281072 
11.135138 
33.206862 
4.198191 
15.006708 
7.510639 
37.028175 
16.777477 
18.994591 
13.703757 
16.015349 
24.227976 
10.797699 
33.473215 
32.419413 
12.758440 
5.409158 
35.816946 
5.651507 
17.269399 
21.888826 
14.490036 
11.833469 
20.420861 
19.016115 
8.283642 
16.720989 
12.186969 
6.014543 
10.528204 
29.760984 
8.531131 
7.544047 
7.895292 
8.344679 
7.573792 
13.062934 
36.711871 
10.469450 
8.309566 
5.596442 
9.008323 
24.128486 
12.935429 
13.622533 
26.568660 
17.945551 
6.145233 
8.298040 
13.242304 
6.170736 
16.278190 
28.863474 
37.022705 
14.248395 
9.648254 
14.489561 
35.354631 
8.682353 
17.003299 
5.639661 
23.619706 
14.775657 
19.680249 
15.957071 
15.616127 
7.634748 
5.054199 
6.207026 
32.672866 
26.200102 
15.860791 
5.572637 
13.979700 
8.825998 
19.272290 
14.606034 
32.431903 
14.411080 
12.754799 
18.250476 
4.400130 
22.261327 
13.326944 
16.329370 
27.080381 
36.406690 
7.146210 
6.978204 
19.367912 
14.015049 
14.874285 
11.581100 
10.337794 
19.439180 
5.552652 
3.108315 
6.099732 
12.160841 
27.984750 
9.925214 
15.661481 
15.235513 
31.810907 
13.181301 
26.958118 
13.042868 
30.113885 
13.674003 
12.006691 
8.180115 
14.047867 
14.544622 
16.450541 
12.996373 
7.758562 
5.878965 
22.801691 
10.162639 
14.023655 
28.113761 
25.511337 
34.622905 
10.747227 
13.285231 
14.341630 
14.752563 
22.371724 
11.510498 
22.504887 
13.960747 
9.100107 
6.302817 
12.846223 
7.642432 
29.248855 
23.410899 
8.586804 
14.371114 
13.986943 
10.020899 
10.511935 
11.866837 
12.839684 
12.583803 
2.769878 
34.758354 
16.336059 
15.372943 
5.849662 
11.621524 
12.857927 
9.880073 
31.945333 
34.887226 
12.823901 
6.105810 
36.171824 
37.103958 
42.719016 
14.344346 
5.854503 
13.733345 
5.679591 
10.360462 
12.536445 
24.617159 
10.614839 
21.274114 
8.186599 
22.923745 
20.112764 
16.581604 
13.501188 
22.217639 
14.135667 
12.135598 
6.368574 
16.256563 
5.787464 
8.205506 
12.914775 
13.958906 
29.017956 
14.105809 
11.598909 
0.201244 
11.818576 
19.151145 
18.417293 
17.770181 
35.946976 
13.206565 
13.738894 
10.419251 
8.473776 
13.187159 
15.679343 
6.361176 
14.264907 
16.398894 
34.112427 
8.279584 
4.703485 
16.678367 
26.298384 
11.604422 
18.410505 
7.982266 
9.359932 
14.720757 
13.609122 
11.628216 
15.481235 
18.051085 
3.070290 
37.700268 
14.631671 
14.579600 
11.059791 
2.738212 
15.911975 
21.507143 
18.274792 
11.466769 
15.044544 
30.506097 
42.145055 
35.952034 
14.021328 
15.804747 
2.691980 
8.218999 
9.210774 
13.383698 
25.489090 
13.733714 
9.748930 
16.642000 
5.850001 
8.801310 
6.901583 
22.317090 
12.102693 
7.354673 
6.119460 
14.773767 
10.241663 
15.943821 
40.047476 
16.812598 
5.575169 
5.282367 
4.465778 
12.005754 
18.932703 
9.835975 
36.113346 
16.466708 
27.001657 
32.621155 
6.375682 
5.614549 
12.740061 
36.570714 
13.828119 
14.214627 
13.982267 
24.798138 
28.954463 
11.371274 
12.001836 
4.775859 
7.972185 
10.494078 
7.894267 
17.124994 
14.337220 
16.738031 
40.221948 
15.085363 
11.871957 
35.983158 
18.915780 
16.963416 
16.013171 
14.138401 
7.872445 
22.810790 
16.710432 
16.001669 
18.332645 
19.389548 
30.042107 
20.091976 
12.770224 
6.564230 
14.151860 
11.646293 
26.138864 
5.633293 
3.617465 
19.296546 
14.068020 
7.738303 
13.100133 
19.871899 
20.967870 
5.377927 
11.381474 
14.600869 
17.761438 
14.994016 
10.616469 
17.645302 
13.030392 
13.948986 
12.462878 
8.626027 
28.507816 
7.487232 
15.062270 
12.759172 
19.563626 
12.906677 
16.982472 
13.853505 
12.248076 
9.150582 
12.370257 
35.268911 
39.057100 
21.233551 
31.478370 
6.041695 
7.209296 
20.212553 
6.250620 
8.763042 
9.580220 
7.366715 
11.963794 
8.152290 
6.049538 
8.084100 
9.864343 
8.487265 
36.474233 
13.810737 
20.193152 
9.192915 
15.215596 
9.958554 
21.490964 
7.854115 
35.664363 
23.888315 
12.091123 
19.449208 
22.598849 
9.896031 
18.334990 
13.223169 
29.304689 
20.470280 
39.249120 
7.460473 
6.973359 
10.317465 
17.388892 
16.187409 
23.124621 
16.027647 
13.413527 
18.018131 
5.707662 
22.096638 
19.863171 
22.050216 
15.049675 
12.603654 
17.910336 
12.724730 
36.079653 
23.264165 
33.353608 
8.453688 
13.718542 
13.710310 
35.809126 
17.656011 
35.466671 
28.251534 
21.639620 
12.762607 
36.522069 
15.940278 
41.543791 
23.559204 
14.179773 
34.635418 
14.164658 
13.914287 
18.054311 
10.555336 
16.029954 
27.268816 
10.357071 
21.440067 
23.854895 
17.826059 
8.803851 
16.367129 
23.866354 
11.184388 
17.309718 
6.075165 
13.491266 
5.542106 
21.021952 
33.121112 
12.728036 
21.996346 
16.424595 
35.440891 
15.183847 
5.321386 
26.943508 
18.834921 
29.805760 
14.832361 
35.387691 
8.934318 
12.377571 
12.885550 
22.827442 
23.164069 
4.618527 
29.225761 
20.033140 
22.351826 
6.497760 
20.314112 
19.187858 
5.200349 
40.147141 
13.955941 
11.888862 
15.318715 
10.166813 
25.118186 
14.447788 
20.139497 
8.603893 
20.828084 
5.158262 
8.461324 
14.884296 
24.673117 
