4.033213 
19.376038 
21.949219 
23.602859 
13.621130 
21.894000 
9.738374 
4.908265 
11.279996 
7.196470 
23.260375 
8.962949 
25.054415 
32.136278 
9.398194 
21.778330 
21.345901 
13.205235 
12.077328 
13.019120 
20.196646 
24.245321 
23.530057 
25.055539 
14.992599 
25.050931 
25.124294 
13.364358 
26.041941 
11.864446 
17.643984 
12.763501 
13.118243 
27.288357 
11.486061 
29.439341 
10.787653 
10.739950 
16.992303 
4.482510 
20.052023 
7.131627 
33.537813 
8.909841 
5.484560 
33.314116 
17.841459 
11.066342 
6.614632 
21.445835 
27.422877 
16.876383 
18.596431 
13.156070 
25.219947 
19.591421 
12.316807 
8.425894 
18.785906 
34.034721 
23.376360 
33.156495 
27.827514 
20.415043 
11.275199 
5.428974 
22.597058 
23.204066 
7.077619 
21.583646 
12.842922 
12.354270 
20.295740 
8.981275 
36.280407 
22.460599 
11.402792 
12.094926 
13.997484 
7.946907 
9.376113 
15.451335 
9.652961 
18.071021 
30.735795 
3.547681 
13.056704 
7.687305 
17.222917 
17.868512 
33.066989 
7.188799 
15.959564 
9.817660 
16.392628 
35.672771 
25.212299 
9.629516 
25.103558 
21.316455 
16.541582 
3.657218 
4.651647 
9.529464 
18.928752 
32.219605 
23.228673 
16.050439 
20.040912 
14.379132 
6.662986 
13.083496 
8.084829 
7.741262 
12.819676 
16.087940 
22.939719 
29.351357 
11.533862 
10.934042 
28.652452 
11.249626 
36.234107 
6.182838 
10.318513 
25.364428 
16.359826 
7.093291 
21.967808 
17.078976 
9.432830 
4.044431 
22.537933 
16.999504 
22.925891 
8.620371 
21.799554 
16.516663 
11.112169 
3.105492 
16.404876 
26.818773 
9.743691 
11.233190 
24.496577 
12.363327 
17.571278 
17.652880 
23.049236 
6.525599 
14.508885 
23.411986 
14.894134 
14.524216 
27.362604 
28.535966 
33.226938 
18.350214 
21.056724 
6.217297 
23.997887 
14.433553 
24.262225 
14.469766 
24.459521 
7.233812 
18.866217 
17.584907 
28.965362 
7.019566 
21.601891 
14.981383 
19.439852 
11.404479 
35.270965 
20.220090 
15.974822 
17.267376 
20.405833 
15.745268 
24.457102 
5.187443 
6.411986 
13.469870 
31.789013 
31.313493 
11.779388 
20.587748 
15.435472 
19.209164 
8.678853 
2.384918 
11.307558 
17.088780 
6.658584 
10.321470 
11.843287 
4.971887 
33.222271 
16.709081 
14.220120 
13.694017 
5.998812 
13.692751 
6.549207 
35.581765 
7.237536 
11.084531 
21.262032 
27.692549 
13.531037 
29.733726 
11.775021 
12.925468 
21.250738 
35.909382 
13.756206 
34.772337 
14.898371 
6.499832 
27.462150 
20.392593 
25.495112 
25.783781 
25.187735 
13.375516 
35.216339 
8.999058 
19.625852 
15.091683 
8.692730 
3.937737 
30.720939 
13.315970 
8.471441 
22.920221 
12.820541 
16.779465 
19.380889 
19.354754 
32.420506 
30.729382 
8.729293 
12.806075 
18.786587 
19.439700 
13.639984 
5.677675 
8.266648 
12.054789 
17.050143 
10.910741 
8.458151 
45.642226 
24.109113 
33.586412 
23.221015 
20.403562 
14.624915 
3.491415 
20.571606 
5.049032 
3.345935 
21.743668 
23.908359 
13.892545 
11.416857 
20.762883 
26.671945 
11.461298 
19.251104 
24.749588 
21.202111 
10.787120 
13.779801 
21.323017 
2.629173 
19.646805 
13.036831 
40.120105 
13.566719 
13.829151 
35.457665 
6.655378 
20.904528 
25.003808 
18.312513 
11.185947 
24.957840 
21.567389 
26.084873 
5.320513 
26.247763 
12.218206 
4.503971 
14.883804 
18.841185 
6.567785 
8.284407 
13.131721 
16.269119 
10.085894 
8.313214 
31.735606 
20.558929 
15.946170 
23.794295 
16.220904 
15.054703 
17.628236 
14.957771 
34.048855 
11.698062 
16.341402 
10.255989 
22.583012 
6.319114 
33.044001 
24.393118 
17.405781 
9.438012 
16.078689 
7.342069 
24.619847 
7.531217 
11.521702 
17.819730 
19.410001 
20.091954 
16.670565 
20.247549 
10.838307 
16.526324 
16.351806 
23.105583 
24.640385 
21.568782 
34.011040 
7.142424 
19.470675 
9.578905 
14.966864 
22.923328 
34.670569 
8.471461 
23.651277 
5.516435 
10.350038 
16.328451 
19.954929 
23.138491 
17.361141 
6.322148 
10.437612 
15.896161 
31.003474 
5.954184 
21.942508 
18.497529 
12.019882 
19.357497 
8.358393 
11.164906 
16.374303 
20.757513 
30.646599 
16.609108 
23.120986 
27.894740 
35.748655 
18.333243 
26.557840 
27.371146 
35.127116 
21.110572 
25.412874 
16.633326 
6.154747 
28.598700 
6.307545 
4.672351 
3.314839 
4.355563 
32.082446 
16.816812 
8.733732 
11.418847 
8.913776 
31.337968 
13.524169 
17.555791 
12.985542 
27.232423 
17.481891 
24.407793 
13.284722 
24.315746 
23.644491 
11.279993 
16.582119 
16.753587 
11.916362 
10.853755 
23.566318 
23.940479 
29.646778 
16.526033 
3.491155 
21.749168 
31.857623 
20.737574 
13.416053 
24.808727 
31.937975 
13.106550 
8.920532 
36.688166 
11.239343 
43.602639 
5.266609 
14.170023 
9.879359 
17.880031 
18.923451 
10.055256 
8.956403 
22.362230 
31.508241 
17.311182 
15.861240 
15.650947 
31.855577 
9.964469 
32.442971 
33.806231 
15.524583 
10.703317 
8.463842 
25.765447 
10.729147 
10.201339 
18.071596 
30.098585 
26.202715 
13.699723 
20.526515 
32.757549 
22.815024 
15.485308 
11.673775 
25.734864 
23.880915 
31.232596 
12.619099 
19.026863 
9.925116 
13.458316 
16.424691 
17.672473 
13.584918 
28.433036 
26.213846 
15.838815 
21.347528 
13.765893 
11.436382 
12.413796 
23.802671 
21.271114 
16.505378 
8.941370 
16.792183 
11.097305 
20.785413 
22.304154 
29.023663 
21.267349 
33.174775 
3.337926 
20.390447 
14.357011 
10.819702 
36.241415 
35.933703 
3.157408 
12.999418 
8.709045 
13.523686 
19.618014 
18.101847 
14.848356 
20.009350 
22.493494 
33.401801 
16.657660 
23.658415 
41.239051 
17.750412 
15.504646 
11.060861 
40.006483 
10.493927 
16.970195 
15.038235 
20.388151 
20.966082 
21.181917 
6.363236 
16.707894 
26.054424 
43.459354 
19.839787 
21.131300 
24.460846 
12.583288 
12.589939 
3.266656 
27.484296 
28.348167 
35.341780 
27.352420 
35.699763 
5.062398 
6.779234 
35.005843 
15.348991 
15.641836 
10.615110 
34.803423 
36.059141 
17.882649 
12.260493 
10.232298 
26.304428 
13.634920 
16.081757 
20.426955 
34.111388 
16.074751 
18.530997 
8.592637 
18.463237 
15.208666 
18.642682 
6.097789 
6.736140 
23.731194 
7.021752 
14.753218 
6.740782 
10.806715 
0.820425 
17.216526 
6.867442 
16.326662 
17.272825 
16.981301 
11.816293 
20.029987 
13.012715 
11.318746 
36.032073 
24.122891 
9.454773 
21.461497 
18.004380 
7.547249 
30.117488 
13.900048 
16.323507 
17.941025 
5.878649 
16.277996 
17.945311 
9.782528 
31.693226 
11.624407 
21.970939 
14.666545 
21.285761 
14.891834 
7.648532 
3.143547 
25.354439 
24.174398 
35.216845 
11.167258 
21.048361 
15.315940 
20.520506 
23.960236 
28.475461 
8.428878 
9.285478 
16.929837 
27.547491 
36.961730 
28.860441 
33.703041 
16.577255 
17.589817 
13.742751 
25.889516 
17.045610 
22.738835 
17.636322 
22.171508 
32.883575 
32.106756 
8.819605 
19.615668 
31.756494 
29.112682 
13.019435 
22.780767 
3.582144 
18.226853 
15.945076 
14.280389 
29.029391 
36.304222 
27.989752 
12.994639 
27.828427 
26.138925 
26.590648 
31.947049 
19.074765 
6.881972 
36.258362 
13.519490 
20.715716 
29.915864 
3.173225 
7.755113 
13.347445 
11.292863 
36.079883 
24.950614 
16.939647 
13.656950 
16.891673 
33.632632 
32.502696 
13.815007 
25.899243 
24.294967 
33.055113 
32.832353 
20.472188 
19.012834 
28.216849 
31.957928 
22.433248 
24.835156 
3.528300 
21.124426 
15.217955 
22.330543 
26.808452 
17.038670 
13.123040 
13.101229 
28.471729 
16.680976 
23.896043 
14.998783 
13.789260 
6.291347 
17.214361 
29.361591 
33.062971 
1.399609 
14.819535 
15.504219 
41.408819 
13.050877 
10.486455 
28.266669 
19.519037 
19.559589 
14.624053 
19.501316 
17.341867 
18.378967 
12.833032 
26.735097 
24.134832 
6.014095 
13.485886 
11.249278 
37.920021 
6.268651 
23.971346 
27.597204 
7.123630 
18.072646 
22.369451 
24.082851 
29.378488 
22.146619 
15.828341 
24.952720 
19.566204 
33.726128 
14.648547 
16.780959 
33.916844 
32.548990 
12.976285 
11.019439 
15.629562 
14.053206 
15.101579 
44.101781 
28.027176 
6.445276 
19.332862 
22.402102 
7.533746 
31.549196 
14.547700 
20.065268 
14.541041 
17.450389 
20.159188 
18.396710 
19.662044 
10.161818 
19.847137 
32.070045 
24.449539 
24.127790 
30.293328 
10.731202 
34.418010 
12.922158 
23.291041 
25.489205 
15.830569 
11.035856 
27.300495 
18.026368 
16.227800 
19.802791 
22.293850 
24.481499 
9.616757 
3.095029 
10.589350 
32.354289 
32.946008 
32.921942 
8.761525 
13.768762 
7.092818 
21.730600 
32.210493 
23.306310 
18.734053 
38.047031 
13.628440 
18.661288 
23.710364 
16.477449 
22.351128 
25.424542 
24.324470 
26.524262 
32.283623 
51.136621 
13.298410 
10.193942 
47.868643 
11.089062 
18.523450 
22.755135 
17.915608 
23.513404 
8.881391 
16.180394 
8.734222 
23.400202 
21.840236 
14.409511 
8.493809 
21.955122 
38.718136 
13.555464 
25.473795 
20.882786 
28.398800 
6.353673 
14.075968 
11.282316 
21.575003 
17.444680 
4.610349 
15.371476 
6.807613 
20.315208 
11.052805 
10.989286 
19.442382 
21.819971 
13.152911 
24.217044 
5.776128 
20.395134 
16.227127 
3.181015 
22.772706 
13.497369 
2.378296 
17.468070 
8.149569 
23.725390 
13.444527 
12.220266 
33.391893 
22.115019 
16.842592 
25.491721 
8.016806 
7.159466 
14.465319 
28.971888 
28.559581 
11.119627 
20.225399 
23.957580 
16.494940 
24.574358 
13.421537 
16.623115 
28.079945 
34.926830 
15.557900 
7.148254 
13.992934 
20.886480 
9.742386 
11.205364 
22.931672 
13.069148 
32.471413 
15.196101 
24.478572 
5.515646 
20.696528 
13.815364 
17.965428 
29.392316 
10.662308 
23.641558 
7.353975 
8.174743 
28.265315 
12.816685 
6.490523 
23.771474 
43.582605 
22.438135 
10.430848 
7.197920 
17.645574 
3.872905 
10.813794 
32.425692 
6.712176 
8.645183 
21.302782 
8.150111 
8.825769 
4.728139 
10.687235 
6.135819 
6.146008 
12.988532 
10.889436 
42.738709 
10.959882 
10.761955 
24.676827 
22.517433 
11.263887 
5.631088 
10.197334 
19.493526 
22.910000 
12.902419 
13.592294 
18.609442 
8.844936 
8.065311 
14.047518 
40.918516 
19.445824 
23.162808 
19.923210 
19.341751 
18.747371 
8.531326 
29.862039 
21.125253 
11.040688 
32.475400 
4.959254 
18.264310 
14.974675 
17.227417 
21.530250 
18.929201 
14.290112 
12.812746 
22.095913 
17.646034 
3.161802 
12.878702 
11.919791 
25.351303 
12.256331 
15.764110 
21.801941 
23.561458 
23.541674 
12.852279 
25.709559 
17.880432 
18.780228 
8.670741 
15.845823 
20.829723 
6.138584 
14.098880 
22.666858 
14.272533 
19.405228 
12.233127 
15.411269 
4.102069 
8.771816 
17.663986 
18.090619 
10.508185 
15.512241 
12.816542 
17.610180 
12.846935 
4.530590 
11.878637 
12.130115 
9.288008 
24.782525 
24.341271 
19.157774 
24.167631 
8.536046 
8.451822 
8.886781 
9.077501 
15.501765 
2.297474 
24.253992 
20.809323 
17.946337 
4.386902 
25.006242 
11.065560 
18.669726 
31.991700 
6.307178 
24.102596 
3.395586 
10.854812 
6.617740 
5.589271 
15.243791 
10.473433 
11.092011 
22.821377 
17.841198 
8.455195 
14.589986 
28.008041 
4.745929 
12.889341 
8.390647 
37.225580 
15.916913 
16.505724 
13.976628 
15.411316 
26.722696 
12.914743 
34.884025 
35.141784 
11.728309 
4.792641 
31.489454 
6.110071 
18.946050 
22.354176 
13.779612 
6.851445 
21.235275 
20.777615 
13.325650 
24.644172 
12.140469 
5.802171 
12.851608 
22.014738 
7.921725 
10.733986 
10.058469 
10.865703 
8.482855 
13.731984 
35.214906 
10.340603 
9.012797 
6.907327 
6.170245 
25.017135 
14.245057 
20.410248 
27.570804 
23.793494 
6.275565 
6.060460 
11.199647 
6.464420 
17.222589 
21.977857 
33.716825 
15.534693 
10.515813 
15.777549 
29.917214 
8.488086 
21.120074 
13.288959 
23.186984 
8.197953 
27.085211 
15.374358 
16.878216 
8.916713 
5.581362 
8.403521 
30.414538 
7.487828 
12.872966 
5.799258 
14.560482 
10.571826 
17.333582 
15.257283 
28.906002 
17.575453 
15.217865 
11.805128 
4.895441 
25.696327 
12.037519 
17.564229 
24.020777 
37.186857 
8.166863 
8.899209 
21.600079 
21.119911 
22.529177 
14.931300 
6.131813 
19.074327 
5.888268 
4.268645 
9.182355 
13.864718 
24.405429 
8.394101 
16.652319 
9.190879 
35.978980 
11.875406 
21.270707 
17.582650 
17.126241 
13.423392 
8.154053 
8.906586 
16.577811 
22.407095 
20.261680 
15.969721 
8.787260 
6.577801 
19.453112 
12.313016 
13.810593 
27.463874 
24.195711 
36.742637 
17.069366 
13.405305 
11.226370 
12.010643 
23.485904 
11.092541 
24.439406 
18.991825 
13.366815 
9.515376 
11.283686 
11.213079 
20.836428 
16.811139 
10.887454 
22.160205 
16.259932 
8.013788 
17.068447 
15.457462 
11.465273 
10.105680 
3.120127 
24.828387 
15.441923 
15.315640 
7.450304 
10.961651 
14.944223 
11.358538 
34.506919 
30.594287 
11.357663 
3.696208 
36.723882 
30.301127 
6.374658 
20.919244 
3.396507 
18.369569 
6.206870 
12.035145 
10.664078 
30.920375 
12.806777 
20.751407 
9.522265 
26.218789 
13.195401 
18.784889 
8.012912 
22.168411 
16.135228 
10.078703 
6.695054 
20.311648 
8.528363 
10.961914 
13.986755 
13.879418 
25.211052 
16.951824 
9.334001 
1.708652 
10.497217 
20.025127 
14.464075 
18.930810 
33.953743 
14.849574 
20.866725 
13.216683 
9.526838 
13.261404 
17.076822 
8.854280 
24.150580 
17.455097 
40.009018 
11.587360 
4.357309 
20.470038 
29.457357 
4.631233 
18.317791 
8.906537 
7.500920 
13.975326 
12.926726 
16.229847 
18.786407 
23.896085 
3.442691 
33.174167 
25.516583 
12.296634 
12.382176 
3.431653 
18.646739 
19.748526 
33.961033 
13.419260 
13.279047 
34.397451 
35.405109 
53.960425 
12.934094 
11.375702 
3.699451 
10.983209 
8.773995 
12.147037 
31.887553 
13.137749 
12.769580 
22.783015 
6.055534 
9.825569 
6.943663 
26.158552 
14.102027 
7.578253 
4.089976 
13.681183 
13.974522 
14.054295 
23.124058 
17.063792 
5.990782 
5.884634 
3.682328 
14.553833 
21.355156 
10.790249 
24.355180 
8.805800 
24.358261 
21.106216 
3.308097 
5.913694 
15.840240 
21.898595 
14.931254 
15.586025 
14.313627 
24.108828 
15.237892 
13.177006 
8.795468 
3.340220 
11.799201 
12.310898 
8.923707 
18.807708 
16.811991 
19.375576 
51.445179 
17.476222 
13.123569 
35.284739 
17.409865 
18.362359 
20.525776 
17.424531 
10.129244 
23.912638 
21.945777 
16.535854 
16.469469 
20.381200 
22.360280 
22.823305 
12.905343 
8.230389 
18.085497 
10.952672 
25.201484 
5.892308 
3.543641 
19.277618 
20.133421 
6.792017 
21.170092 
26.178782 
23.214413 
5.471423 
12.424730 
14.500466 
20.457889 
14.448532 
11.938867 
21.785939 
17.384630 
13.055733 
9.273353 
11.897220 
25.146032 
5.447159 
19.876739 
11.318786 
21.753598 
15.229445 
18.007069 
15.843333 
12.767110 
9.145957 
12.428797 
33.878362 
21.537726 
23.855246 
16.091982 
6.214749 
10.912837 
17.971103 
6.968892 
6.275292 
17.006500 
7.015931 
12.887940 
8.273337 
7.899868 
8.669772 
24.406371 
13.608672 
45.005449 
19.958858 
16.611126 
11.101101 
18.184869 
13.034075 
22.755477 
10.683120 
22.969923 
32.761753 
14.427678 
23.862608 
21.062819 
10.512519 
17.288552 
14.774308 
22.089864 
23.091457 
39.281640 
11.342389 
6.997383 
12.563508 
13.944024 
17.055679 
26.103296 
18.697030 
20.391316 
8.149524 
6.338168 
25.011515 
19.011631 
19.124413 
17.755625 
12.757872 
20.455655 
12.484427 
32.723922 
20.977192 
34.495311 
10.447842 
14.555913 
21.243211 
28.083374 
16.815601 
36.146604 
28.245050 
24.100535 
6.254191 
28.176158 
17.109580 
33.444767 
20.445789 
17.933532 
36.314662 
12.518743 
13.580413 
20.983325 
13.035542 
19.697393 
29.047862 
6.730509 
22.344775 
24.465470 
19.420086 
8.803500 
13.083983 
22.832243 
18.521017 
16.349143 
8.844358 
7.950497 
6.211592 
14.144964 
26.617841 
12.639126 
20.933940 
20.607202 
32.426364 
15.526960 
5.338092 
22.158359 
20.553242 
17.988235 
22.854024 
32.970682 
12.937272 
11.100801 
15.781701 
21.594843 
24.939509 
4.296533 
29.254813 
23.746785 
24.860000 
8.873953 
23.570448 
14.512650 
6.015627 
36.798790 
16.450559 
12.876207 
12.918220 
13.316650 
29.358970 
17.439850 
13.728337 
8.565017 
20.850164 
4.652338 
9.955305 
20.924786 
30.490209 
