4.052142 
13.178561 
24.479945 
25.548731 
14.316413 
13.242411 
7.623389 
37.544007 
4.673373 
7.051441 
17.406001 
16.881156 
28.049209 
35.454684 
50.118000 
34.590776 
25.442479 
15.219392 
23.436749 
12.062047 
18.946783 
55.908888 
33.475122 
23.255214 
24.809511 
29.340880 
22.839935 
21.998827 
44.404141 
14.458581 
34.391408 
13.386684 
16.930756 
27.266510 
24.496241 
38.765020 
13.336969 
11.389830 
28.517327 
7.952448 
9.753100 
9.973063 
38.180295 
10.133495 
6.732368 
54.709726 
29.051046 
10.119669 
6.362090 
25.658786 
22.254739 
22.919754 
23.498840 
25.190382 
26.000499 
21.547516 
23.414820 
7.076386 
24.570432 
31.497360 
23.675761 
31.537313 
29.854681 
23.500168 
19.499953 
8.462583 
34.546736 
27.731207 
9.177062 
31.428969 
28.495369 
7.994441 
26.431372 
8.283530 
33.855513 
31.017246 
15.167981 
10.760146 
20.767262 
7.635427 
50.008193 
13.596163 
11.503495 
14.578081 
12.503072 
7.886539 
26.576607 
8.820562 
18.139288 
8.793948 
36.612557 
33.798039 
26.690782 
22.321727 
20.193028 
35.839763 
26.079730 
6.428707 
30.247794 
14.387255 
12.705857 
11.209744 
61.309113 
11.891978 
32.028131 
32.793755 
47.135732 
20.526948 
22.389114 
33.993390 
13.478556 
34.979841 
10.325002 
6.668267 
24.306335 
17.026233 
59.102753 
12.492546 
9.343147 
8.364029 
28.931698 
11.062931 
30.073907 
8.409865 
19.847556 
29.445672 
12.672136 
7.974423 
29.199375 
19.455815 
13.913116 
3.225379 
24.774759 
11.819459 
15.788129 
8.502068 
18.744616 
18.287426 
25.021681 
2.638157 
23.854100 
25.206567 
61.464600 
12.869814 
31.683030 
9.043881 
26.847905 
15.018645 
29.313421 
9.146033 
12.050298 
26.085053 
7.859888 
8.804484 
34.085128 
31.263650 
38.364949 
18.112663 
24.485302 
7.963729 
28.112309 
33.005177 
23.777882 
18.241758 
30.655177 
6.917164 
30.020267 
9.188794 
28.605013 
23.404459 
27.193381 
23.328255 
26.100126 
19.867591 
26.767647 
13.087183 
25.860067 
16.915392 
30.096088 
9.589360 
27.356786 
6.416492 
7.761068 
6.861831 
21.478991 
30.794026 
37.174250 
9.915370 
7.640581 
29.590591 
12.706584 
22.236183 
12.313845 
22.766869 
7.422994 
8.086972 
14.344304 
24.153158 
30.561579 
26.093244 
24.102751 
12.295144 
5.262189 
10.960116 
22.248939 
29.797527 
11.170500 
8.741006 
10.191704 
32.351780 
13.851913 
25.177216 
8.378834 
12.028071 
22.570838 
22.472271 
31.221288 
33.807199 
17.437439 
7.199094 
30.830581 
32.614501 
33.371963 
31.337484 
28.718548 
12.737956 
27.560452 
5.966488 
30.749654 
30.536905 
10.620303 
2.941293 
29.877809 
12.534545 
22.792684 
20.663000 
57.746316 
31.889355 
17.700038 
23.838263 
26.518625 
31.596575 
20.128143 
17.055296 
30.144423 
10.239995 
20.478034 
5.702522 
5.039898 
22.885780 
30.042324 
12.231581 
9.122578 
38.150151 
18.871447 
28.064786 
36.185208 
22.247067 
13.285489 
2.500385 
27.788643 
2.400286 
23.246924 
22.113807 
22.838687 
23.839620 
11.594566 
14.869137 
16.622086 
9.155612 
16.702540 
20.716016 
25.767290 
22.314596 
22.661904 
31.022711 
37.771112 
23.534093 
7.189470 
31.222560 
22.383774 
10.712622 
34.052165 
10.738528 
26.810857 
28.109155 
24.474612 
6.767956 
28.932626 
21.769741 
27.110664 
9.576173 
26.269324 
22.824453 
7.549201 
28.985501 
25.671142 
7.799395 
10.549610 
12.640955 
23.740858 
23.437639 
24.751419 
29.762164 
24.773039 
21.963932 
29.269277 
29.447821 
49.757535 
25.348318 
8.564075 
52.436059 
13.759706 
22.982058 
61.325319 
21.707232 
11.439761 
31.165247 
28.484388 
22.482024 
51.477961 
9.925345 
9.605795 
37.597444 
8.895223 
30.381992 
12.700351 
29.089226 
25.859086 
17.173079 
26.009352 
13.463436 
23.756179 
26.756736 
24.080612 
35.094856 
16.029869 
29.250174 
10.255666 
21.582134 
28.908119 
26.841984 
15.496526 
29.665177 
9.622121 
31.139173 
6.470941 
9.587344 
31.822397 
27.716678 
17.941883 
23.066517 
25.268940 
9.646387 
26.058878 
28.425124 
8.271743 
24.141038 
21.494476 
12.025637 
32.889440 
24.122211 
11.062592 
23.886284 
42.903256 
31.958151 
24.885353 
12.115153 
31.905742 
25.858034 
30.999208 
27.812446 
27.074794 
36.772114 
14.110462 
28.109509 
32.788487 
8.319659 
26.458676 
8.788434 
24.067034 
2.659627 
4.721773 
27.963585 
24.311777 
24.371068 
13.431639 
7.421226 
28.868683 
18.886616 
13.232150 
12.005627 
30.412249 
53.093738 
20.017338 
30.829320 
30.913649 
15.171265 
18.801567 
23.425052 
11.273648 
15.073099 
24.199579 
26.377617 
31.285420 
35.997963 
22.930202 
2.388224 
32.470546 
32.102068 
12.579051 
29.685039 
29.921422 
29.981276 
14.592441 
24.771352 
26.578180 
10.125478 
30.840751 
4.346187 
8.107526 
22.345816 
32.428524 
12.683264 
6.168842 
23.030090 
24.911703 
33.994400 
30.643482 
44.815892 
24.233962 
30.357991 
27.508819 
30.011950 
31.752486 
29.360034 
7.465676 
8.563912 
29.022241 
30.806310 
62.902504 
31.498671 
30.891215 
23.252632 
26.258362 
31.424148 
32.713497 
17.042186 
9.285827 
8.832604 
28.346615 
25.312368 
26.912372 
10.620239 
23.410113 
10.122783 
23.003405 
22.712161 
24.752936 
20.980786 
29.463719 
31.126900 
25.415734 
24.772241 
14.283522 
24.007471 
11.879352 
26.272521 
30.510748 
27.782301 
12.387679 
17.180280 
13.529239 
11.927513 
28.124216 
28.764116 
25.779767 
35.298613 
8.309461 
27.318847 
32.378864 
12.798114 
29.970036 
30.088156 
2.036225 
21.022984 
24.588101 
13.361960 
15.358785 
61.803065 
23.388046 
37.029312 
34.153193 
42.175437 
29.993310 
27.470230 
32.022123 
22.490867 
29.432618 
13.327503 
32.284454 
14.676144 
22.699116 
9.432771 
13.599529 
29.224070 
30.833509 
10.388716 
20.984268 
31.786265 
30.390689 
25.632788 
12.141938 
29.849007 
62.737916 
21.069845 
7.804520 
32.606165 
29.235525 
29.106615 
26.626529 
40.045669 
3.306610 
10.348552 
25.679094 
34.979112 
26.967867 
12.957007 
33.313783 
24.953439 
21.457990 
24.511809 
11.795873 
26.139402 
12.867546 
14.113656 
53.278351 
36.166144 
25.231336 
19.875191 
8.027159 
26.541302 
29.092459 
24.054283 
5.985198 
7.803573 
29.104895 
10.282804 
50.105290 
8.628702 
11.258228 
8.036236 
23.890567 
5.424684 
31.969066 
22.479458 
27.663010 
36.930449 
37.426916 
14.462307 
9.463235 
28.264195 
29.564104 
13.603426 
12.823064 
38.472420 
7.838871 
27.241765 
23.200702 
28.846850 
61.910232 
8.127897 
30.653399 
29.604455 
5.540392 
32.706742 
24.872657 
32.535131 
32.787516 
10.245955 
27.240699 
6.856507 
1.899160 
32.587172 
39.880914 
28.876805 
12.465456 
33.433397 
25.752408 
12.681118 
29.483958 
32.851415 
11.122656 
5.457674 
21.416744 
26.544671 
32.926532 
23.541253 
31.914786 
23.964894 
28.641566 
20.248582 
31.940346 
19.660266 
29.291727 
28.755981 
19.561978 
30.119269 
27.810860 
3.372826 
23.893943 
31.320321 
40.596118 
9.893246 
32.309705 
8.053159 
23.046347 
29.896168 
12.108400 
30.268458 
28.869126 
27.839342 
25.950070 
30.619495 
41.167196 
48.141768 
31.367969 
11.855960 
10.033799 
29.345004 
6.541710 
27.389089 
31.853970 
1.980160 
9.085931 
13.813278 
25.266297 
31.008037 
40.250932 
15.068770 
17.524552 
31.010203 
22.468784 
32.393859 
11.229058 
10.935008 
28.562599 
42.716944 
39.602665 
30.846266 
25.559132 
29.522407 
25.417299 
23.316558 
31.468787 
7.736111 
46.697764 
21.658434 
13.118540 
33.440030 
18.397846 
27.278868 
12.048086 
30.885519 
28.734216 
27.497539 
63.218300 
19.266547 
7.929854 
25.361918 
25.331653 
28.679307 
5.596972 
28.506147 
29.621373 
38.074128 
13.797809 
19.357730 
58.332223 
30.906838 
28.286612 
24.836681 
26.369174 
30.791818 
24.349433 
12.366172 
33.993686 
18.423470 
8.703098 
22.469923 
12.056650 
37.475557 
6.189770 
23.040917 
22.441765 
7.297523 
23.867402 
30.786318 
22.186400 
31.209931 
28.446892 
22.833796 
19.395042 
25.227207 
35.962614 
8.415631 
11.661788 
29.936175 
27.681954 
24.147235 
23.885703 
28.344159 
24.445951 
25.127769 
33.179987 
40.889856 
10.460497 
32.631506 
26.595059 
10.537681 
30.516459 
26.978823 
34.994370 
25.488832 
22.407526 
27.181608 
40.610518 
29.621123 
8.684077 
31.230792 
31.397226 
32.070623 
35.198370 
32.257374 
22.533075 
30.971000 
22.561606 
30.065514 
37.940925 
23.873244 
7.547345 
30.959115 
22.417913 
16.985130 
35.243939 
31.454182 
29.485279 
30.181797 
2.060954 
9.907507 
31.891141 
30.884910 
28.543412 
23.106485 
7.922769 
6.928316 
28.087373 
29.107534 
8.182679 
20.243909 
29.393591 
29.123790 
24.360863 
44.588275 
33.867550 
24.031132 
30.172205 
23.712098 
47.802046 
25.310109 
34.541412 
8.048185 
22.591276 
40.451416 
23.967198 
20.297596 
32.204783 
22.178244 
28.185102 
6.305425 
17.170080 
12.939016 
24.872401 
33.240993 
23.480029 
6.978286 
30.339024 
34.828546 
23.807763 
28.052087 
29.180198 
32.133914 
9.456347 
28.847750 
12.747667 
27.167395 
26.039770 
23.115029 
36.306546 
8.674018 
30.958756 
5.914543 
22.212554 
11.539041 
28.852740 
5.583505 
26.712827 
23.861182 
21.194396 
24.058023 
2.532378 
28.496093 
17.140508 
2.548539 
62.355031 
25.697180 
32.659240 
10.257494 
20.063935 
37.403602 
36.418531 
27.539677 
30.079834 
2.170976 
15.229646 
31.374657 
31.567109 
26.402832 
15.308001 
49.519243 
29.359862 
32.427008 
37.088248 
12.442141 
13.004974 
25.798217 
25.346271 
29.988090 
11.017776 
9.452118 
24.580276 
13.367307 
10.500641 
27.399722 
7.991591 
30.255695 
23.956054 
26.515713 
7.885579 
27.108244 
11.438391 
55.892609 
29.005778 
9.266713 
31.581571 
7.058331 
6.616503 
29.575763 
23.978034 
6.812713 
25.308498 
34.432917 
28.083455 
14.876896 
6.828937 
24.457396 
3.714753 
19.674689 
36.057187 
8.801792 
32.012701 
33.929123 
8.200497 
11.543613 
2.633994 
22.510199 
8.594207 
37.441329 
24.919521 
10.680614 
30.856241 
12.336635 
24.472119 
32.081254 
38.850157 
8.178921 
3.220975 
3.017294 
29.541879 
27.261557 
32.722575 
31.320517 
18.235594 
25.887859 
7.831101 
31.527046 
27.782385 
24.257981 
26.959488 
33.885307 
19.447879 
27.832990 
7.857815 
42.331196 
28.349967 
32.100861 
31.934301 
8.351858 
22.328479 
8.809882 
12.393296 
23.664568 
24.582851 
17.655189 
13.383260 
29.563100 
30.570642 
2.417114 
20.822062 
35.494822 
43.752883 
22.352652 
36.895799 
11.354543 
30.647646 
23.695821 
24.965681 
21.985765 
23.386848 
9.944106 
9.725920 
23.368594 
17.449237 
4.601340 
7.260907 
31.987521 
21.595696 
11.591684 
13.614837 
22.533167 
2.433695 
29.384629 
61.339684 
27.364146 
14.352647 
9.226824 
3.131457 
23.719090 
19.302008 
2.998459 
21.863761 
17.438626 
8.350378 
18.885572 
30.418610 
24.776708 
24.135846 
9.833832 
8.679483 
4.106457 
22.674841 
24.765825 
2.113697 
31.464868 
12.779760 
32.113587 
8.052231 
28.772710 
6.656261 
31.759195 
50.715402 
7.716645 
28.270163 
8.070032 
44.912529 
7.891415 
9.665639 
51.535545 
13.077278 
8.119890 
27.046621 
24.379385 
6.138255 
12.348824 
30.394078 
7.752476 
11.534491 
8.543796 
30.070870 
33.037328 
23.365079 
23.418112 
31.709546 
37.012160 
15.052101 
27.165236 
43.836775 
23.723779 
3.091636 
30.771217 
23.042108 
32.038846 
24.268058 
27.770781 
8.609007 
30.898664 
25.898224 
25.870771 
27.057293 
22.696156 
8.743038 
12.116047 
27.653711 
23.905662 
8.122734 
15.285325 
17.636748 
7.840324 
12.146154 
30.348086 
20.231499 
26.252969 
7.085373 
8.656954 
28.767358 
10.504625 
19.144404 
31.844570 
29.037819 
23.031646 
10.831323 
22.640511 
7.673330 
31.465156 
31.613785 
31.089929 
25.396452 
8.391359 
25.244977 
37.786044 
23.588348 
18.748127 
7.687784 
22.792250 
13.637900 
24.531778 
61.892656 
31.623347 
11.931011 
8.040478 
8.000858 
36.303706 
10.371412 
10.835902 
7.627020 
27.035003 
27.878435 
23.796678 
29.404718 
29.754590 
23.360574 
26.432317 
20.393115 
6.642617 
30.784245 
24.073819 
27.728249 
30.735261 
29.520553 
5.275848 
11.452424 
23.216274 
38.663853 
13.408919 
29.365544 
8.438301 
17.754049 
8.225805 
36.834141 
9.591222 
33.546936 
31.709265 
17.862848 
31.867519 
24.789589 
30.266990 
20.205105 
27.341847 
13.711678 
34.201594 
10.945660 
24.429613 
10.303973 
61.371827 
21.176008 
31.780442 
28.993479 
10.276674 
7.080026 
24.493215 
16.992176 
50.239595 
26.326263 
31.381202 
32.024681 
10.159275 
18.275908 
12.818612 
21.952727 
13.488327 
23.297846 
29.015320 
16.925816 
13.042321 
6.455063 
23.285421 
12.143772 
32.054138 
29.734709 
13.077487 
35.794270 
27.713156 
12.656751 
13.429031 
20.878632 
21.664669 
31.517238 
2.189975 
27.618595 
63.292542 
17.585069 
12.726464 
11.003457 
23.416904 
27.760632 
29.065817 
32.940456 
16.305720 
7.596039 
32.969855 
28.429353 
38.087707 
13.935290 
6.114727 
31.005148 
10.567052 
20.316454 
23.546651 
26.123944 
8.584371 
21.294162 
13.578737 
18.231434 
26.761427 
34.659204 
11.891676 
42.351191 
13.794837 
23.479731 
9.160685 
18.904725 
8.501812 
15.203539 
17.896995 
24.453663 
28.547755 
19.124131 
23.057080 
24.079462 
12.798338 
13.453087 
28.063059 
20.319983 
29.120659 
17.103499 
30.945731 
14.226433 
24.494232 
24.257553 
23.688007 
7.182945 
22.422671 
13.751404 
32.194105 
7.351694 
2.561479 
16.103616 
26.249947 
2.919961 
23.679495 
19.364654 
7.016452 
27.868471 
17.502540 
27.684652 
29.002333 
30.374270 
3.125267 
33.184967 
35.855906 
7.662723 
15.549822 
3.228773 
28.316003 
28.015572 
28.938246 
26.454815 
40.194089 
28.916143 
36.349620 
32.500426 
12.352165 
30.311320 
2.910504 
49.815298 
5.935181 
14.137767 
28.996251 
12.661699 
7.080928 
34.164859 
11.782799 
23.168981 
10.441216 
26.050496 
14.349631 
9.919870 
8.477834 
24.124301 
10.812771 
16.569794 
34.409452 
30.021098 
8.968092 
7.784183 
7.992820 
47.921723 
27.406373 
22.566102 
32.768165 
23.082138 
26.726486 
29.367106 
2.749674 
7.757691 
16.106278 
27.294617 
25.771411 
10.913053 
11.091586 
27.116093 
30.213920 
20.488330 
11.473995 
7.533230 
8.721477 
24.102724 
22.972879 
31.673587 
27.591609 
28.027937 
53.498748 
27.219011 
48.201746 
26.298569 
24.622776 
17.837231 
31.992364 
11.521501 
12.975874 
30.275273 
25.218562 
21.346667 
32.258092 
19.984218 
48.225408 
34.099658 
8.858577 
6.696531 
28.377524 
28.862671 
34.814868 
2.736397 
23.640938 
62.152781 
25.237166 
11.715060 
27.073231 
27.462465 
31.700582 
7.743714 
25.030964 
24.943588 
33.035964 
50.421587 
23.162566 
13.769618 
14.013306 
8.588039 
61.196331 
19.403225 
23.667959 
8.104931 
25.743881 
12.908012 
30.394428 
30.144549 
24.125076 
22.347304 
13.774507 
22.415013 
31.454343 
30.737846 
28.069682 
54.027326 
28.111932 
11.098838 
11.463517 
27.496079 
6.472664 
23.324909 
12.904618 
7.885657 
31.083040 
24.039757 
8.382248 
50.444105 
26.691104 
10.337997 
32.656428 
11.146584 
31.519794 
23.535671 
32.946537 
22.485747 
25.140032 
15.453326 
28.461923 
30.618533 
23.731755 
33.348128 
26.270874 
22.482610 
22.927571 
25.478605 
31.785363 
51.636567 
39.596837 
11.600428 
6.041987 
31.070033 
16.427014 
55.406969 
31.809810 
22.740230 
11.063932 
11.983839 
9.959153 
23.013148 
24.284228 
19.201225 
40.360782 
24.433864 
33.104226 
9.497506 
26.546534 
34.363295 
38.917778 
8.678636 
11.780801 
6.715002 
26.902731 
17.916042 
26.660222 
32.488156 
29.043768 
23.218662 
30.111402 
30.483737 
27.730405 
18.201385 
25.671888 
32.297080 
12.046229 
17.756057 
29.449141 
11.468972 
28.260616 
22.812531 
7.630122 
24.915273 
21.009362 
28.042621 
7.651817 
25.406474 
32.478314 
13.683128 
29.592076 
2.836681 
19.004789 
9.086529 
39.615767 
29.172452 
13.537264 
13.973555 
31.094018 
34.482682 
18.868686 
5.326197 
26.180642 
40.694676 
28.969873 
14.261310 
29.713317 
14.924632 
8.629196 
21.069017 
40.776374 
30.615916 
2.275405 
48.409771 
24.283480 
25.150132 
8.585370 
30.238078 
27.470582 
8.318714 
33.450908 
32.086757 
52.425768 
23.983649 
18.720199 
40.075384 
49.070836 
42.276767 
31.407071 
32.190090 
8.050666 
24.936706 
33.016667 
46.709916 
