51.371743 
34.174360 
36.222623 
28.188965 
35.465278 
36.479096 
30.332615 
12.804031 
21.647981 
12.290821 
36.633350 
36.114780 
53.800000 
34.174264 
35.059156 
24.127285 
21.485109 
33.662030 
0.137910 
32.625709 
10.424002 
27.559783 
31.546627 
0.956793 
10.776012 
0.133338 
32.466797 
33.831655 
26.866688 
26.297087 
15.475954 
31.167004 
0.133355 
30.112712 
33.586153 
27.921054 
13.015373 
53.800000 
13.472670 
11.404559 
29.570466 
12.864653 
51.474144 
15.953924 
36.580600 
34.905890 
28.553460 
24.998813 
0.138604 
36.571149 
29.322126 
15.841853 
11.415263 
34.348726 
11.028039 
32.080031 
53.800000 
13.430061 
36.633350 
36.068992 
16.952198 
11.536139 
53.800000 
34.624605 
10.196165 
20.101183 
16.812978 
36.189829 
47.964713 
29.624580 
0.227906 
0.136787 
15.143544 
36.032100 
28.404875 
29.915418 
34.597531 
10.715880 
20.285043 
27.083923 
13.600381 
11.561079 
25.745142 
53.800000 
0.134490 
12.012911 
0.133334 
33.857904 
10.222825 
53.800000 
15.646299 
29.655716 
39.153191 
28.238297 
17.025650 
13.166687 
32.273721 
0.147417 
34.372486 
43.230178 
36.315251 
12.946232 
31.492413 
36.608537 
35.612919 
43.520934 
12.607502 
33.174360 
31.096364 
24.477782 
5.605341 
14.901898 
36.306743 
11.540996 
15.820417 
36.577097 
14.448518 
29.097044 
31.196104 
0.133405 
0.133334 
0.152403 
19.140486 
18.932926 
11.294310 
53.800000 
35.543647 
27.594437 
34.667398 
0.133335 
12.936937 
35.912908 
0.133545 
13.808245 
10.921834 
30.324896 
34.200407 
36.444802 
10.791782 
36.598008 
32.995797 
12.408203 
18.517034 
17.575451 
36.540040 
15.038231 
0.133355 
33.961670 
28.160095 
17.912580 
20.178297 
11.886221 
11.873962 
13.937601 
42.501781 
53.800000 
15.305656 
14.937355 
0.133350 
33.511038 
19.231650 
10.634049 
41.778237 
16.585407 
0.133358 
33.169964 
53.800000 
34.626566 
33.973366 
33.208094 
10.017107 
15.464743 
32.676850 
30.251118 
36.045868 
15.710830 
14.777255 
53.800000 
