21.949219 
25.055539 
11.066342 
34.034721 
7.077619 
15.451335 
24.459521 
7.233812 
31.789013 
31.313493 
4.971887 
13.692751 
20.403562 
13.566719 
18.841185 
6.567785 
31.735606 
23.138491 
24.407793 
10.853755 
25.734864 
17.672473 
11.097305 
19.618014 
22.493494 
35.699763 
24.294967 
19.501316 
15.828341 
19.566204 
10.731202 
21.730600 
16.477449 
32.283623 
20.315208 
13.444527 
24.478572 
23.641558 
14.047518 
19.445824 
23.162808 
32.475400 
12.256331 
20.829723 
14.272533 
22.821377 
17.841198 
13.976628 
31.489454 
12.140469 
23.793494 
17.575453 
21.600079 
10.887454 
30.301127 
18.784889 
13.261404 
24.150580 
4.089976 
19.375576 
21.785939 
19.124413 
12.484427 
7.950497 
20.553242 
13.316650 
25.570387 
3.107396 
14.274978 
24.484997 
28.760545 
28.044370 
20.820402 
19.968268 
11.399347 
16.262033 
27.650636 
23.881007 
36.673882 
23.658648 
19.607664 
8.695584 
22.263202 
24.093803 
4.908265 
20.052023 
7.131627 
27.422877 
22.597058 
12.354270 
17.078976 
9.743691 
17.652880 
28.535966 
19.439852 
20.587748 
29.733726 
25.495112 
30.720939 
8.266648 
20.571606 
20.762883 
13.779801 
8.313214 
20.558929 
14.957771 
22.583012 
24.393118 
20.247549 
23.105583 
21.568782 
23.120986 
16.582119 
24.808727 
13.584918 
15.838815 
13.765893 
23.802671 
29.023663 
33.174775 
33.401801 
16.970195 
43.459354 
24.460846 
18.463237 
22.171508 
13.519490 
24.950614 
33.055113 
32.832353 
19.012834 
33.062971 
41.408819 
10.486455 
28.266669 
17.341867 
18.378967 
14.648547 
32.070045 
23.291041 
11.035856 
16.227800 
22.293850 
32.921942 
13.628440 
26.524262 
51.136621 
13.298410 
38.718136 
10.989286 
19.442382 
23.725390 
22.115019 
7.159466 
23.957580 
28.079945 
7.148254 
43.582605 
7.197920 
21.302782 
19.493526 
21.125253 
18.929201 
17.646034 
23.541674 
15.845823 
22.666858 
19.157774 
24.253992 
18.669726 
31.991700 
10.473433 
16.505724 
6.170245 
6.060460 
33.716825 
15.257283 
17.564229 
