28.347941 
6.138338 
7.824786 
18.302071 
5.149286 
0.000000 
55.400000 
12.484663 
55.400000 
55.400000 
0.000000 
10.248686 
5.856961 
15.919866 
44.243387 
4.893798 
9.643689 
55.400000 
5.484410 
9.418632 
22.805064 
17.049404 
39.553489 
26.642622 
30.212736 
13.966049 
46.451962 
27.325825 
54.207352 
16.711050 
18.810798 
15.783011 
11.955856 
11.426915 
29.029020 
7.818779 
32.216560 
27.821130 
20.385593 
33.629365 
14.239223 
28.197504 
13.999966 
23.149071 
0.000000 
47.802677 
17.236423 
26.885825 
6.495297 
14.294301 
19.158780 
19.844870 
35.149086 
24.887585 
31.593754 
17.058725 
24.888720 
55.400000 
0.000000 
12.739554 
55.400000 
26.299018 
8.017913 
21.839209 
23.109428 
17.638098 
42.319500 
16.602525 
11.396344 
55.400000 
21.710098 
6.362126 
53.592595 
25.621808 
11.790979 
16.278557 
15.665385 
34.080187 
55.400000 
18.191241 
20.372310 
21.132665 
18.932115 
5.332384 
5.436895 
6.978576 
8.856075 
4.270829 
31.497405 
4.743491 
11.019488 
18.505749 
6.146722 
26.750409 
14.509219 
6.429159 
17.801559 
8.534829 
7.631874 
11.109485 
55.400000 
12.566471 
55.400000 
15.210895 
9.592243 
3.452775 
13.814146 
20.428720 
22.958777 
7.083821 
15.195083 
55.400000 
9.827102 
33.814927 
30.040593 
17.209650 
53.595594 
13.500216 
14.432268 
16.906615 
55.400000 
8.366376 
55.400000 
23.480374 
53.655348 
6.276229 
5.337733 
29.766149 
14.865341 
14.695668 
16.937445 
13.181088 
12.660662 
17.341100 
19.964495 
28.286503 
23.202917 
2.622378 
24.046710 
36.828421 
6.384747 
36.517251 
18.984194 
12.785523 
38.521665 
55.400000 
13.272257 
4.650835 
25.830025 
13.867513 
11.814196 
32.560763 
19.086548 
19.862153 
55.400000 
18.259903 
19.447794 
55.400000 
10.470421 
28.990683 
13.670064 
55.400000 
32.664707 
14.820990 
9.127324 
5.205587 
5.239661 
11.596009 
55.400000 
44.961753 
55.400000 
12.802437 
12.250945 
14.585187 
14.946061 
12.705007 
25.431351 
22.034780 
