18.731999 
11.913530 
11.580142 
30.858661 
9.648174 
11.007601 
28.465256 
24.681918 
24.077015 
28.685605 
7.069006 
25.135392 
14.950637 
18.965155 
25.372078 
10.098553 
22.015387 
28.515591 
18.345512 
16.089026 
26.044891 
35.882205 
18.199081 
30.936600 
29.305339 
31.917026 
29.950934 
17.976982 
22.613013 
27.552649 
18.362758 
19.230512 
36.347750 
35.898196 
21.291721 
22.749450 
31.744618 
21.130165 
17.699114 
31.009434 
15.303585 
27.814767 
15.848925 
25.156755 
10.529236 
28.574580 
26.869513 
20.121058 
21.565322 
11.188368 
24.626490 
20.628602 
26.753463 
16.335448 
31.578157 
18.174067 
17.145753 
29.888413 
5.712518 
17.558392 
29.268144 
21.979310 
11.059406 
11.729410 
22.893670 
17.670966 
32.248711 
2.416807 
11.313583 
20.549217 
20.112672 
27.106554 
27.126051 
25.469638 
28.141257 
17.500843 
21.770210 
28.479441 
28.521614 
17.976060 
17.756356 
15.998067 
17.246880 
17.684805 
11.009456 
33.993020 
11.179697 
16.446484 
31.474745 
11.029478 
25.582631 
7.266771 
17.977287 
29.919299 
14.998868 
27.485214 
24.343961 
27.977240 
22.075267 
10.805954 
23.032273 
31.684365 
27.802748 
8.715102 
17.793383 
15.827844 
26.324414 
21.188310 
23.975087 
33.891332 
34.585954 
29.341804 
12.645279 
30.176760 
18.673657 
19.262158 
26.896749 
21.436625 
25.976630 
34.190099 
36.395290 
33.302944 
30.175271 
20.666029 
20.275150 
18.163275 
17.566348 
22.435476 
30.661777 
35.243572 
25.836776 
18.488142 
28.633435 
18.337462 
25.046870 
18.059289 
17.668343 
14.269627 
31.345974 
24.567891 
12.582590 
28.982758 
25.089575 
29.174346 
22.991749 
27.893578 
31.683924 
14.233565 
30.574193 
6.231345 
26.351182 
25.083067 
20.009533 
14.054702 
23.248392 
23.321187 
14.734302 
31.969001 
3.045674 
20.664359 
26.463644 
29.863040 
18.725371 
20.696319 
32.821207 
13.456308 
16.179793 
11.949334 
29.351540 
23.609999 
29.867154 
18.308097 
12.250733 
10.896467 
4.826920 
27.983234 
16.792262 
18.119156 
