36.838603 
34.804449 
32.599917 
35.693341 
27.958076 
33.294743 
34.104865 
31.512443 
32.458586 
34.225193 
36.828336 
35.676131 
31.623062 
36.161935 
35.262669 
27.720196 
34.964282 
34.088412 
32.095689 
35.785543 
34.724888 
27.896956 
33.323232 
31.719739 
33.492169 
38.093214 
34.835010 
34.857343 
32.104133 
35.545092 
34.994515 
34.208354 
26.949713 
27.171731 
36.162982 
32.124408 
34.848657 
32.814533 
37.532709 
32.623414 
35.030777 
35.060230 
34.587652 
32.673622 
36.102308 
33.236620 
34.930860 
35.432397 
32.649545 
36.875716 
35.358195 
34.892152 
32.317142 
34.442861 
34.790051 
37.162538 
35.204950 
33.394202 
36.877764 
35.795738 
33.209319 
32.533223 
32.659468 
34.933679 
38.848207 
34.253141 
32.398248 
37.112175 
37.286318 
34.778419 
34.208651 
33.442268 
32.489718 
35.876517 
32.088608 
36.412996 
35.669218 
34.861746 
35.188392 
33.469416 
32.135311 
34.809463 
35.832304 
32.356997 
26.869650 
32.792353 
27.205143 
35.256930 
33.445927 
33.461624 
33.945243 
38.049786 
35.244942 
34.992073 
35.379314 
32.212795 
35.228614 
35.024498 
36.086734 
36.712890 
35.589134 
35.321566 
32.511998 
36.711868 
35.000802 
32.961020 
34.345958 
34.791700 
35.582621 
34.667783 
33.811753 
33.548299 
35.046459 
37.016102 
33.103213 
35.595041 
32.361753 
31.977041 
36.153965 
33.912378 
32.513613 
33.377633 
34.958464 
35.485079 
33.207004 
34.573787 
31.431529 
36.291711 
37.408535 
34.967273 
35.076733 
35.060801 
33.453833 
30.781314 
38.087298 
36.575560 
34.149211 
35.292455 
34.592708 
35.182975 
32.171806 
32.757862 
35.859485 
34.840166 
36.821785 
34.472834 
36.749991 
33.239934 
37.529614 
36.066466 
32.247756 
34.403292 
35.824699 
33.767610 
34.723129 
33.222672 
31.100708 
34.249726 
40.315395 
36.983500 
36.879782 
31.860198 
36.778317 
35.549873 
29.616300 
35.067955 
36.914148 
31.830626 
33.334980 
36.691314 
32.394643 
30.694551 
35.412575 
33.996334 
27.670347 
34.529217 
37.215750 
35.060708 
