20.579549 
6.561922 
35.877983 
32.972497 
6.583420 
29.618118 
31.479319 
5.234417 
38.660029 
28.765320 
41.586556 
36.789699 
21.597038 
10.246021 
39.400625 
6.618303 
17.937052 
47.933300 
22.452565 
9.631953 
14.545124 
36.968091 
20.561834 
23.675395 
18.918953 
15.535546 
39.172046 
40.176971 
20.362629 
30.738208 
20.841059 
26.120391 
3.674969 
37.023513 
37.606454 
24.254164 
13.595856 
25.870958 
20.978601 
29.288495 
4.929912 
27.424341 
24.861327 
24.974454 
31.952338 
40.040138 
32.566433 
36.040726 
16.485745 
38.990995 
27.519530 
25.556716 
24.543071 
33.622139 
34.264800 
28.405686 
25.408640 
20.979733 
40.630124 
42.381971 
47.933300 
7.944112 
7.765471 
32.948355 
6.356566 
23.383760 
40.555892 
5.719597 
10.985673 
47.933300 
23.851384 
8.272567 
23.476444 
35.306050 
7.612417 
22.584452 
38.365681 
25.738014 
37.243043 
26.454997 
17.813646 
6.006308 
24.157164 
25.309289 
2.789056 
4.506075 
14.958527 
8.175957 
23.101225 
5.866674 
9.520671 
14.171542 
23.268353 
34.181394 
35.037206 
4.687101 
44.965505 
9.163790 
12.461437 
21.436849 
47.933300 
20.501812 
38.464652 
37.757461 
36.994853 
29.220598 
6.373313 
34.611084 
33.779095 
5.668191 
15.580414 
47.933300 
7.359574 
23.926875 
26.293073 
43.136685 
18.984814 
25.903890 
15.112077 
5.658056 
24.253472 
17.301656 
38.451477 
18.514634 
11.442658 
16.859330 
10.979657 
34.125208 
27.644181 
12.453019 
14.371478 
40.070395 
24.879241 
8.507899 
13.748480 
31.284929 
32.214868 
6.754926 
27.653441 
40.922366 
8.670624 
27.153591 
24.309723 
11.577944 
40.631108 
47.933300 
20.634933 
6.685522 
24.786822 
12.840651 
24.184681 
24.020999 
14.579488 
3.802196 
47.933300 
35.727846 
5.126869 
31.234950 
5.238888 
36.187376 
27.858462 
20.986077 
39.108465 
8.760576 
16.589787 
6.249296 
21.568100 
12.385673 
38.955624 
10.898018 
24.704759 
12.749065 
4.446736 
4.189150 
13.808684 
17.684894 
8.615205 
28.225022 
