37.406084 
40.816431 
43.060005 
42.933295 
41.818277 
42.880640 
44.645565 
41.765063 
41.427424 
42.593117 
32.768691 
43.768928 
37.282733 
43.226560 
42.236633 
42.376105 
42.281158 
42.141337 
39.094830 
40.612223 
41.104982 
47.584558 
45.502157 
42.692560 
44.502309 
41.561788 
41.553588 
42.153844 
42.096573 
42.534178 
40.680760 
42.926321 
49.000000 
49.000000 
41.217827 
41.711216 
39.394623 
41.373472 
42.492632 
39.770066 
39.763578 
39.642793 
41.398151 
44.335660 
42.187032 
42.325216 
42.835595 
39.663646 
40.721927 
45.535259 
44.161981 
40.468425 
39.728013 
38.170057 
38.508574 
42.453349 
38.544260 
43.516427 
37.695425 
43.212437 
40.607684 
41.930910 
40.048509 
42.240547 
40.581186 
43.426622 
39.990657 
40.588680 
40.246370 
43.263758 
39.303121 
40.374669 
38.297867 
44.032012 
41.281282 
44.495554 
42.062749 
38.869640 
40.045079 
41.767920 
39.914744 
42.769638 
41.417034 
37.427607 
49.000000 
38.396862 
43.584671 
42.433967 
41.038528 
41.916238 
42.351743 
45.019522 
42.549635 
41.907968 
42.791978 
38.080522 
42.200097 
42.903504 
42.416487 
46.099066 
42.626475 
43.535739 
41.514603 
44.796806 
39.907756 
45.833022 
42.517260 
43.168867 
37.769846 
37.930785 
41.846684 
37.326639 
42.542925 
43.861374 
38.967752 
42.367348 
42.801070 
44.800397 
43.925102 
40.613414 
44.451065 
42.943949 
35.986468 
40.017842 
41.892514 
39.533190 
44.394586 
40.466669 
47.350960 
40.743581 
43.392019 
49.000000 
39.542122 
42.730701 
41.971281 
37.896452 
38.040331 
38.136583 
43.165537 
44.743326 
43.663974 
39.837198 
43.851452 
39.640202 
42.048966 
44.502155 
39.979604 
42.250754 
45.266621 
43.931920 
43.212474 
39.877880 
43.041013 
39.319041 
43.481460 
42.568733 
42.790626 
44.390861 
41.244105 
38.507066 
43.361732 
44.653315 
37.459255 
41.221603 
43.926952 
40.232579 
39.344559 
46.580934 
44.588359 
42.886937 
45.584118 
45.749835 
42.015475 
42.682135 
45.845493 
40.502072 
38.880370 
39.593236 
