19.711117 
19.101237 
7.250324 
35.472884 
5.453242 
14.800702 
12.952128 
11.245418 
24.670683 
23.533387 
8.021206 
11.209609 
16.025663 
10.751772 
16.974998 
6.272166 
34.172421 
16.223137 
35.926939 
12.166841 
25.191879 
34.258689 
8.362332 
22.787984 
19.475533 
36.320174 
19.091477 
17.222993 
14.496544 
16.447681 
13.989311 
13.888993 
42.477282 
35.050738 
15.166194 
9.344856 
35.076551 
23.304036 
13.317204 
22.571363 
21.878570 
28.475079 
13.582509 
13.792005 
14.113454 
20.552190 
17.405674 
13.703757 
35.816946 
12.186969 
17.945551 
14.411080 
19.367912 
8.586804 
37.103958 
16.581604 
13.187159 
14.264907 
6.119460 
16.738031 
17.645302 
22.050216 
12.724730 
13.491266 
18.834921 
10.166813 
33.843173 
5.860612 
13.532967 
19.948432 
30.095034 
35.476641 
13.458287 
14.438236 
11.310293 
13.916374 
22.141056 
19.117934 
29.600073 
16.206598 
18.806806 
12.754245 
15.945201 
24.073992 
42.954698 
36.190224 
7.233827 
27.504931 
28.888905 
13.773632 
14.918158 
12.614887 
18.154290 
27.889216 
17.515704 
24.507682 
25.689184 
35.789918 
27.622271 
8.983245 
18.222915 
19.483595 
12.672728 
14.837854 
25.350514 
10.473987 
23.501134 
30.923733 
16.757547 
35.990528 
36.189840 
23.834591 
16.403125 
32.817841 
13.452295 
14.333364 
14.864360 
25.627688 
31.992163 
39.210611 
41.466880 
22.957110 
35.848238 
24.728918 
22.846435 
24.049751 
11.280360 
23.167099 
33.261123 
40.132819 
16.632220 
35.768833 
39.471253 
10.847521 
26.302022 
15.808839 
19.168976 
18.147706 
38.131342 
25.351793 
13.858388 
11.353448 
29.264104 
36.103690 
15.957571 
18.877112 
40.319841 
18.541540 
31.060675 
13.693656 
19.357307 
20.101602 
22.184213 
16.404749 
25.961048 
29.474812 
14.591967 
36.079206 
7.085083 
25.645439 
14.663192 
28.267558 
16.817517 
14.082620 
34.077578 
30.393822 
23.707464 
19.516294 
30.007125 
28.360813 
34.441495 
10.903988 
18.994591 
9.008323 
8.298040 
37.022705 
14.606034 
16.329370 
