27.398628 
31.978166 
26.026216 
26.284173 
24.539501 
27.301992 
22.340023 
24.348627 
23.790671 
24.125443 
9.833350 
26.353416 
22.089182 
28.078662 
24.220910 
22.995636 
27.524689 
13.871859 
21.983283 
23.755656 
27.756376 
23.880495 
22.101639 
22.579375 
23.588539 
31.580884 
24.066542 
30.949709 
23.680914 
26.214571 
23.415081 
22.961714 
26.550952 
26.221289 
25.206240 
23.682812 
24.274995 
23.131598 
30.059367 
24.094285 
32.004290 
23.889286 
23.550343 
23.217746 
31.995055 
23.563205 
23.686982 
23.800998 
24.189039 
27.543395 
24.006200 
24.639466 
22.620945 
23.094766 
23.060581 
31.644943 
22.867276 
23.098147 
9.833350 
31.747285 
23.607836 
25.227919 
24.578125 
29.129799 
32.520839 
23.531937 
24.556564 
23.556072 
31.884663 
26.439128 
25.291907 
27.254319 
21.528161 
29.328718 
22.357017 
29.043567 
31.522997 
23.090848 
24.146193 
23.074340 
23.828620 
26.231146 
24.013547 
21.516550 
27.454828 
24.848774 
23.499621 
33.039638 
23.867046 
25.234269 
25.936284 
24.255407 
24.895423 
23.653274 
33.143474 
23.854348 
32.079637 
30.254331 
33.003609 
23.959554 
10.704475 
23.729623 
22.788283 
32.435571 
25.536141 
21.586842 
31.692501 
25.895527 
23.789197 
27.501689 
24.877201 
27.513990 
28.855431 
23.047330 
24.019722 
27.500406 
26.039480 
22.066110 
32.078729 
28.857190 
23.379753 
26.491774 
24.519197 
31.827713 
28.100283 
24.175766 
23.192668 
27.257337 
23.586699 
27.684305 
26.356281 
31.713832 
23.320328 
22.728031 
32.618281 
23.160222 
24.349028 
29.713193 
24.597005 
23.681824 
24.040219 
22.131332 
27.018291 
30.406239 
27.761510 
18.825661 
23.788655 
27.644109 
23.416993 
32.365402 
22.283638 
25.033929 
33.187780 
27.479339 
24.095729 
27.239316 
24.570149 
23.523265 
22.400402 
25.777919 
30.640158 
23.221416 
22.564113 
29.508820 
23.308644 
30.481449 
31.693452 
28.929811 
23.235871 
30.681443 
22.780426 
23.235699 
33.516923 
27.830914 
23.909570 
26.913708 
31.306820 
22.759218 
