24.479945 
23.255214 
10.119669 
31.497360 
9.177062 
13.596163 
30.655177 
6.917164 
21.478991 
30.794026 
24.153158 
10.960116 
22.247067 
22.383774 
25.671142 
7.799395 
29.762164 
17.941883 
20.017338 
24.199579 
28.346615 
24.752936 
13.529239 
15.358785 
34.153193 
40.045669 
28.562599 
26.369174 
22.833796 
25.227207 
22.533075 
28.087373 
33.867550 
25.310109 
30.958756 
10.257494 
26.515713 
31.581571 
31.527046 
24.257981 
26.959488 
31.934301 
22.352652 
17.449237 
21.595696 
27.046621 
24.379385 
23.418112 
30.771217 
22.696156 
29.037819 
23.360574 
23.216274 
13.077487 
28.429353 
34.659204 
24.257553 
22.422671 
8.477834 
28.027937 
13.769618 
19.201225 
9.497506 
19.004789 
40.694676 
18.720199 
23.185859 
8.233843 
29.539732 
20.173389 
37.582238 
23.108241 
11.225074 
29.837496 
8.610704 
29.042806 
31.720254 
33.844951 
31.801766 
29.090368 
30.818562 
14.833267 
30.053931 
28.925951 
37.544007 
9.753100 
9.973063 
22.254739 
34.546736 
7.994441 
19.455815 
61.464600 
15.018645 
31.263650 
26.100126 
9.915370 
25.177216 
33.371963 
29.877809 
5.039898 
27.788643 
14.869137 
22.661904 
24.751419 
24.773039 
8.564075 
21.707232 
28.484388 
26.009352 
24.080612 
16.029869 
12.115153 
23.425052 
29.921422 
20.980786 
25.415734 
14.283522 
26.272521 
28.764116 
35.298613 
42.175437 
22.699116 
30.390689 
29.849007 
26.541302 
19.561978 
6.541710 
40.250932 
42.716944 
39.602665 
25.559132 
28.679307 
38.074128 
19.357730 
58.332223 
30.791818 
24.349433 
8.415631 
31.397226 
30.065514 
7.547345 
16.985130 
31.454182 
28.543412 
29.123790 
47.802046 
34.541412 
8.048185 
34.828546 
22.212554 
11.539041 
32.659240 
36.418531 
15.229646 
29.359862 
25.798217 
11.017776 
34.432917 
6.828937 
33.929123 
29.541879 
28.349967 
24.582851 
30.570642 
23.695821 
23.368594 
31.987521 
24.776708 
31.464868 
31.759195 
50.715402 
13.077278 
23.365079 
8.656954 
10.831323 
31.089929 
29.404718 
27.728249 
