23.351719 
26.026216 
24.539501 
27.301992 
22.340023 
24.348627 
23.790671 
24.125443 
9.833350 
26.353416 
22.089182 
28.078662 
13.871859 
21.983283 
23.755656 
27.756376 
23.880495 
22.101639 
22.579375 
31.580884 
24.066542 
30.949709 
23.680914 
26.214571 
23.415081 
22.961714 
26.221289 
25.206240 
23.682812 
30.059367 
24.094285 
32.004290 
23.889286 
23.550343 
23.217746 
31.995055 
23.563205 
23.686982 
23.800998 
24.006200 
24.639466 
22.620945 
23.094766 
23.060581 
31.644943 
22.867276 
9.833350 
31.747285 
29.129799 
23.531937 
24.556564 
31.884663 
25.291907 
21.528161 
29.328718 
29.043567 
31.522997 
23.090848 
23.074340 
23.828620 
26.231146 
21.516550 
23.499621 
23.867046 
25.936284 
24.255407 
24.895423 
23.653274 
33.143474 
22.788283 
23.789197 
24.019722 
