32.967931 
32.599917 
27.958076 
33.294743 
34.104865 
31.512443 
32.458586 
34.225193 
36.828336 
35.676131 
31.623062 
36.161935 
34.088412 
32.095689 
35.785543 
34.724888 
27.896956 
33.323232 
31.719739 
38.093214 
34.835010 
34.857343 
32.104133 
35.545092 
34.994515 
34.208354 
27.171731 
36.162982 
32.124408 
37.532709 
32.623414 
35.030777 
35.060230 
34.587652 
32.673622 
36.102308 
33.236620 
34.930860 
35.432397 
35.358195 
34.892152 
32.317142 
34.442861 
34.790051 
37.162538 
35.204950 
36.877764 
35.795738 
34.933679 
34.253141 
32.398248 
37.286318 
34.208651 
32.489718 
35.876517 
36.412996 
35.669218 
34.861746 
33.469416 
32.135311 
34.809463 
32.356997 
27.205143 
33.445927 
33.945243 
38.049786 
35.244942 
34.992073 
35.379314 
32.511998 
35.582621 
33.103213 
