39.377087 
43.060005 
41.818277 
42.880640 
44.645565 
41.765063 
41.427424 
42.593117 
32.768691 
43.768928 
37.282733 
43.226560 
42.141337 
39.094830 
40.612223 
41.104982 
47.584558 
45.502157 
42.692560 
41.561788 
41.553588 
42.153844 
42.096573 
42.534178 
40.680760 
42.926321 
49.000000 
41.217827 
41.711216 
42.492632 
39.770066 
39.763578 
39.642793 
41.398151 
44.335660 
42.187032 
42.325216 
42.835595 
39.663646 
44.161981 
40.468425 
39.728013 
38.170057 
38.508574 
42.453349 
38.544260 
37.695425 
43.212437 
42.240547 
43.426622 
39.990657 
40.246370 
39.303121 
38.297867 
44.032012 
44.495554 
42.062749 
38.869640 
41.767920 
39.914744 
42.769638 
37.427607 
43.584671 
41.038528 
42.351743 
45.019522 
42.549635 
41.907968 
42.791978 
41.514603 
37.769846 
38.967752 
