28.342642 
11.580142 
9.648174 
11.007601 
28.465256 
24.681918 
24.077015 
28.685605 
7.069006 
25.135392 
14.950637 
18.965155 
28.515591 
18.345512 
16.089026 
26.044891 
35.882205 
18.199081 
30.936600 
31.917026 
29.950934 
17.976982 
22.613013 
27.552649 
18.362758 
19.230512 
35.898196 
21.291721 
22.749450 
17.699114 
31.009434 
15.303585 
27.814767 
15.848925 
25.156755 
10.529236 
28.574580 
26.869513 
20.121058 
24.626490 
20.628602 
26.753463 
16.335448 
31.578157 
18.174067 
17.145753 
5.712518 
17.558392 
11.729410 
17.670966 
32.248711 
11.313583 
20.112672 
27.126051 
25.469638 
17.500843 
21.770210 
28.479441 
17.976060 
17.756356 
15.998067 
17.684805 
11.179697 
31.474745 
25.582631 
7.266771 
17.977287 
29.919299 
14.998868 
27.802748 
23.975087 
18.673657 
