15.907501 
11.066342 
7.077619 
15.451335 
24.459521 
7.233812 
31.789013 
31.313493 
4.971887 
13.692751 
20.403562 
13.566719 
23.138491 
24.407793 
10.853755 
25.734864 
17.672473 
11.097305 
19.618014 
35.699763 
24.294967 
19.501316 
15.828341 
19.566204 
10.731202 
21.730600 
32.283623 
20.315208 
13.444527 
14.047518 
19.445824 
23.162808 
32.475400 
12.256331 
20.829723 
14.272533 
22.821377 
17.841198 
13.976628 
23.793494 
17.575453 
21.600079 
10.887454 
30.301127 
18.784889 
13.261404 
4.089976 
19.375576 
7.950497 
13.316650 
25.570387 
14.274978 
28.760545 
20.820402 
19.968268 
16.262033 
27.650636 
23.881007 
23.658648 
19.607664 
8.695584 
24.093803 
7.131627 
22.597058 
17.078976 
9.743691 
17.652880 
28.535966 
19.439852 
13.779801 
20.247549 
13.584918 
