19.671637 
10.119669 
9.177062 
13.596163 
30.655177 
6.917164 
21.478991 
30.794026 
24.153158 
10.960116 
22.247067 
22.383774 
17.941883 
20.017338 
24.199579 
28.346615 
24.752936 
13.529239 
15.358785 
40.045669 
28.562599 
26.369174 
22.833796 
25.227207 
22.533075 
28.087373 
25.310109 
30.958756 
10.257494 
31.527046 
24.257981 
26.959488 
31.934301 
22.352652 
17.449237 
21.595696 
27.046621 
24.379385 
23.418112 
29.037819 
23.360574 
23.216274 
13.077487 
28.429353 
34.659204 
24.257553 
8.477834 
28.027937 
19.004789 
18.720199 
23.185859 
29.539732 
37.582238 
11.225074 
29.837496 
29.042806 
31.720254 
33.844951 
29.090368 
30.818562 
14.833267 
28.925951 
9.973063 
34.546736 
19.455815 
61.464600 
15.018645 
31.263650 
26.100126 
22.661904 
26.009352 
20.980786 
