40.854624 
7.824786 
5.149286 
0.000000 
55.400000 
12.484663 
55.400000 
55.400000 
0.000000 
10.248686 
5.856961 
15.919866 
55.400000 
5.484410 
9.418632 
22.805064 
17.049404 
39.553489 
26.642622 
13.966049 
46.451962 
27.325825 
54.207352 
16.711050 
18.810798 
15.783011 
11.426915 
29.029020 
7.818779 
20.385593 
33.629365 
14.239223 
28.197504 
13.999966 
23.149071 
0.000000 
47.802677 
17.236423 
26.885825 
19.158780 
19.844870 
35.149086 
24.887585 
31.593754 
17.058725 
24.888720 
0.000000 
12.739554 
21.839209 
17.638098 
42.319500 
11.396344 
21.710098 
53.592595 
25.621808 
16.278557 
15.665385 
34.080187 
18.191241 
20.372310 
21.132665 
5.332384 
8.856075 
31.497405 
11.019488 
18.505749 
6.146722 
26.750409 
14.509219 
55.400000 
22.958777 
30.040593 
