17.246953 
7.250324 
5.453242 
14.800702 
12.952128 
11.245418 
24.670683 
23.533387 
8.021206 
11.209609 
16.025663 
10.751772 
16.223137 
35.926939 
12.166841 
25.191879 
34.258689 
8.362332 
22.787984 
36.320174 
19.091477 
17.222993 
14.496544 
16.447681 
13.989311 
13.888993 
35.050738 
15.166194 
9.344856 
13.317204 
22.571363 
21.878570 
28.475079 
13.582509 
13.792005 
14.113454 
20.552190 
17.405674 
13.703757 
17.945551 
14.411080 
19.367912 
8.586804 
37.103958 
16.581604 
13.187159 
6.119460 
16.738031 
13.491266 
10.166813 
33.843173 
13.532967 
30.095034 
13.458287 
14.438236 
13.916374 
22.141056 
19.117934 
16.206598 
18.806806 
12.754245 
24.073992 
7.233827 
28.888905 
14.918158 
12.614887 
18.154290 
27.889216 
17.515704 
12.672728 
16.757547 
13.452295 
