16.316927 
36.222623 
35.465278 
36.479096 
30.332615 
12.804031 
21.647981 
12.290821 
36.633350 
36.114780 
53.800000 
34.174264 
33.662030 
0.137910 
32.625709 
10.424002 
27.559783 
31.546627 
0.956793 
0.133338 
32.466797 
33.831655 
26.866688 
26.297087 
15.475954 
31.167004 
30.112712 
33.586153 
27.921054 
13.472670 
11.404559 
29.570466 
12.864653 
51.474144 
15.953924 
36.580600 
34.905890 
28.553460 
24.998813 
29.322126 
15.841853 
11.415263 
34.348726 
11.028039 
32.080031 
53.800000 
36.633350 
36.068992 
34.624605 
20.101183 
16.812978 
47.964713 
0.227906 
15.143544 
36.032100 
29.915418 
34.597531 
10.715880 
27.083923 
13.600381 
11.561079 
53.800000 
0.133334 
10.222825 
15.646299 
29.655716 
39.153191 
28.238297 
17.025650 
31.492413 
31.096364 
15.820417 
