27.453121 
35.877983 
6.583420 
29.618118 
31.479319 
5.234417 
38.660029 
28.765320 
41.586556 
36.789699 
21.597038 
10.246021 
47.933300 
22.452565 
9.631953 
14.545124 
36.968091 
20.561834 
23.675395 
15.535546 
39.172046 
40.176971 
20.362629 
30.738208 
20.841059 
26.120391 
37.023513 
37.606454 
24.254164 
20.978601 
29.288495 
4.929912 
27.424341 
24.861327 
24.974454 
31.952338 
40.040138 
32.566433 
36.040726 
27.519530 
25.556716 
24.543071 
33.622139 
34.264800 
28.405686 
25.408640 
40.630124 
42.381971 
32.948355 
23.383760 
40.555892 
10.985673 
23.851384 
23.476444 
35.306050 
22.584452 
38.365681 
25.738014 
26.454997 
17.813646 
6.006308 
25.309289 
14.958527 
23.101225 
9.520671 
14.171542 
23.268353 
34.181394 
35.037206 
38.464652 
33.779095 
26.293073 
