23.255214 
8.858577 
15.801009 
23.738737 
12.908012 
31.497360 
7.799395 
29.762164 
34.153193 
33.867550 
26.515713 
31.581571 
30.771217 
22.696156 
19.201225 
9.497506 
40.694676 
8.233843 
23.108241 
8.610704 
37.544007 
9.753100 
22.254739 
7.994441 
9.915370 
25.177216 
33.371963 
29.877809 
5.039898 
27.788643 
14.869137 
24.751419 
24.773039 
21.707232 
28.484388 
24.080612 
16.029869 
12.115153 
23.425052 
29.921422 
14.283522 
26.272521 
28.764116 
35.298613 
42.175437 
30.390689 
29.849007 
26.541302 
19.561978 
6.541710 
42.716944 
39.602665 
25.559132 
28.679307 
38.074128 
58.332223 
8.415631 
31.397226 
30.065514 
7.547345 
31.454182 
28.543412 
29.123790 
34.541412 
8.048185 
34.828546 
22.212554 
11.539041 
36.418531 
29.359862 
25.798217 
11.017776 
34.432917 
6.828937 
33.929123 
28.349967 
23.695821 
23.368594 
31.987521 
24.776708 
31.464868 
31.759195 
50.715402 
23.365079 
8.656954 
10.831323 
31.089929 
30.735261 
27.341847 
31.381202 
29.065817 
32.940456 
26.761427 
13.751404 
30.021098 
39.596837 
11.983839 
33.104226 
17.916042 
18.201385 
32.478314 
29.172452 
34.482682 
48.409771 
27.470582 
33.450908 
