40.816431 
41.954307 
44.126727 
43.277992 
41.825030 
42.933295 
42.376105 
42.281158 
44.502309 
49.000000 
39.394623 
41.373472 
40.721927 
45.535259 
41.930910 
40.048509 
40.581186 
40.588680 
40.374669 
41.281282 
49.000000 
38.396862 
42.433967 
41.916238 
38.080522 
42.200097 
42.903504 
42.416487 
46.099066 
42.626475 
43.535739 
44.796806 
39.907756 
42.517260 
43.168867 
37.930785 
41.846684 
37.326639 
42.542925 
43.861374 
42.801070 
44.800397 
43.925102 
40.613414 
44.451065 
35.986468 
40.017842 
41.892514 
39.533190 
44.394586 
47.350960 
40.743581 
43.392019 
49.000000 
39.542122 
41.971281 
38.136583 
43.165537 
44.743326 
43.663974 
43.851452 
39.640202 
42.048966 
39.979604 
42.250754 
45.266621 
43.931920 
43.212474 
43.041013 
43.481460 
42.568733 
42.790626 
44.390861 
41.244105 
38.507066 
44.653315 
43.926952 
40.232579 
39.344559 
46.580934 
44.588359 
42.886937 
45.584118 
42.015475 
42.682135 
45.845493 
40.502072 
43.364114 
43.736328 
40.828656 
30.817515 
42.723263 
43.125800 
42.682183 
42.352384 
42.573956 
40.437322 
45.326186 
42.401327 
42.066172 
40.962970 
41.567560 
42.465454 
41.836055 
39.730995 
42.237193 
