34.804449 
33.508525 
36.711584 
33.587572 
32.615384 
35.693341 
27.720196 
34.964282 
33.492169 
26.949713 
34.848657 
32.814533 
32.649545 
36.875716 
32.533223 
32.659468 
38.848207 
37.112175 
33.442268 
32.088608 
26.869650 
32.792353 
35.256930 
33.461624 
32.212795 
35.228614 
35.024498 
36.086734 
36.712890 
35.589134 
35.321566 
36.711868 
35.000802 
34.345958 
34.791700 
34.667783 
33.811753 
33.548299 
35.046459 
37.016102 
32.361753 
31.977041 
36.153965 
33.912378 
32.513613 
34.958464 
35.485079 
33.207004 
34.573787 
31.431529 
37.408535 
34.967273 
35.076733 
35.060801 
33.453833 
38.087298 
35.292455 
34.592708 
35.182975 
32.171806 
35.859485 
34.840166 
36.821785 
36.749991 
33.239934 
37.529614 
36.066466 
32.247756 
35.824699 
34.723129 
33.222672 
31.100708 
34.249726 
40.315395 
36.983500 
31.860198 
29.616300 
35.067955 
36.914148 
31.830626 
33.334980 
36.691314 
32.394643 
35.412575 
33.996334 
27.670347 
34.529217 
35.047449 
36.008718 
33.281193 
34.428771 
36.152179 
31.529796 
36.132258 
37.749175 
34.520173 
32.325092 
35.978335 
36.347837 
34.909699 
33.868675 
35.356876 
34.789416 
35.908917 
35.812499 
35.923087 
