34.174360 
33.389683 
29.925204 
33.808167 
30.587897 
28.188965 
24.127285 
21.485109 
10.776012 
0.133355 
13.015373 
53.800000 
0.138604 
36.571149 
11.536139 
53.800000 
10.196165 
36.189829 
0.136787 
28.404875 
0.134490 
12.012911 
33.857904 
53.800000 
13.166687 
32.273721 
0.147417 
34.372486 
43.230178 
36.315251 
12.946232 
36.608537 
35.612919 
12.607502 
33.174360 
24.477782 
5.605341 
14.901898 
36.306743 
11.540996 
14.448518 
29.097044 
31.196104 
0.133405 
0.133334 
19.140486 
18.932926 
11.294310 
53.800000 
35.543647 
34.667398 
0.133335 
12.936937 
35.912908 
0.133545 
10.921834 
36.444802 
10.791782 
36.598008 
32.995797 
18.517034 
17.575451 
36.540040 
0.133355 
33.961670 
28.160095 
17.912580 
20.178297 
11.873962 
42.501781 
53.800000 
15.305656 
14.937355 
0.133350 
33.511038 
10.634049 
0.133358 
33.169964 
53.800000 
34.626566 
33.973366 
33.208094 
10.017107 
32.676850 
30.251118 
36.045868 
15.710830 
35.951943 
11.025454 
17.846286 
33.337015 
33.650918 
12.770193 
36.685369 
19.931231 
0.134896 
15.067562 
35.371458 
35.306337 
13.185374 
18.530159 
25.092474 
6.018076 
11.452912 
53.800000 
10.882962 
