6.561922 
6.259476 
12.050159 
26.609272 
9.644399 
32.972497 
6.618303 
17.937052 
18.918953 
3.674969 
13.595856 
25.870958 
16.485745 
38.990995 
7.944112 
7.765471 
6.356566 
5.719597 
8.272567 
7.612417 
2.789056 
4.506075 
8.175957 
5.866674 
4.687101 
44.965505 
9.163790 
12.461437 
21.436849 
47.933300 
20.501812 
37.757461 
36.994853 
6.373313 
34.611084 
5.668191 
15.580414 
47.933300 
7.359574 
23.926875 
18.984814 
25.903890 
15.112077 
5.658056 
24.253472 
38.451477 
18.514634 
11.442658 
16.859330 
10.979657 
27.644181 
12.453019 
14.371478 
40.070395 
24.879241 
13.748480 
6.754926 
27.653441 
40.922366 
8.670624 
24.309723 
11.577944 
40.631108 
20.634933 
6.685522 
24.786822 
12.840651 
24.184681 
14.579488 
47.933300 
35.727846 
5.126869 
31.234950 
5.238888 
36.187376 
20.986077 
16.589787 
6.249296 
21.568100 
12.385673 
38.955624 
10.898018 
24.704759 
4.446736 
4.189150 
13.808684 
17.684894 
29.273215 
24.152764 
31.210857 
47.026526 
26.518417 
10.699472 
47.933300 
26.076439 
24.316392 
6.617966 
20.320741 
32.201199 
16.711129 
34.599025 
7.219661 
3.668056 
32.531949 
16.074670 
17.661344 
