25.055539 
12.905343 
10.849342 
13.202624 
11.318786 
34.034721 
6.567785 
31.735606 
22.493494 
16.477449 
24.478572 
23.641558 
31.489454 
12.140469 
19.124413 
12.484427 
20.553242 
3.107396 
28.044370 
11.399347 
4.908265 
20.052023 
27.422877 
12.354270 
20.587748 
29.733726 
25.495112 
30.720939 
8.266648 
20.571606 
20.762883 
8.313214 
20.558929 
22.583012 
24.393118 
23.105583 
21.568782 
23.120986 
16.582119 
24.808727 
13.765893 
23.802671 
29.023663 
33.174775 
33.401801 
43.459354 
24.460846 
18.463237 
22.171508 
13.519490 
33.055113 
32.832353 
19.012834 
33.062971 
41.408819 
28.266669 
14.648547 
32.070045 
23.291041 
11.035856 
22.293850 
32.921942 
13.628440 
51.136621 
13.298410 
38.718136 
10.989286 
19.442382 
22.115019 
23.957580 
28.079945 
7.148254 
43.582605 
7.197920 
21.302782 
21.125253 
23.541674 
15.845823 
22.666858 
19.157774 
24.253992 
18.669726 
31.991700 
16.505724 
6.170245 
6.060460 
33.716825 
24.020777 
21.270707 
24.195711 
34.506919 
30.594287 
13.195401 
17.455097 
17.063792 
39.281640 
8.149524 
20.455655 
16.815601 
20.445789 
22.832243 
26.617841 
32.426364 
29.254813 
14.512650 
36.798790 
