19.101237 
12.770224 
10.461790 
15.754993 
12.759172 
35.472884 
6.272166 
34.172421 
19.475533 
42.477282 
35.076551 
23.304036 
35.816946 
12.186969 
22.050216 
12.724730 
18.834921 
5.860612 
35.476641 
11.310293 
42.954698 
36.190224 
27.504931 
13.773632 
24.507682 
25.689184 
35.789918 
27.622271 
8.983245 
18.222915 
19.483595 
14.837854 
25.350514 
23.501134 
30.923733 
35.990528 
36.189840 
23.834591 
16.403125 
32.817841 
14.864360 
25.627688 
31.992163 
39.210611 
41.466880 
35.848238 
24.728918 
22.846435 
24.049751 
11.280360 
33.261123 
40.132819 
16.632220 
35.768833 
39.471253 
26.302022 
18.147706 
38.131342 
25.351793 
13.858388 
29.264104 
36.103690 
15.957571 
40.319841 
18.541540 
31.060675 
13.693656 
19.357307 
22.184213 
25.961048 
29.474812 
14.591967 
36.079206 
7.085083 
25.645439 
28.267558 
34.077578 
30.393822 
23.707464 
19.516294 
30.007125 
28.360813 
34.441495 
18.994591 
9.008323 
8.298040 
37.022705 
27.080381 
26.958118 
25.511337 
31.945333 
34.887226 
20.112764 
16.398894 
16.812598 
39.249120 
18.018131 
17.910336 
17.656011 
23.559204 
23.866354 
33.121112 
35.440891 
29.225761 
19.187858 
40.147141 
