6.138338 
5.326715 
12.599367 
13.783448 
6.742043 
18.302071 
4.893798 
9.643689 
30.212736 
11.955856 
32.216560 
27.821130 
6.495297 
14.294301 
26.299018 
8.017913 
23.109428 
16.602525 
6.362126 
11.790979 
5.436895 
6.978576 
4.270829 
4.743491 
6.429159 
17.801559 
8.534829 
7.631874 
11.109485 
55.400000 
12.566471 
15.210895 
9.592243 
13.814146 
20.428720 
7.083821 
15.195083 
55.400000 
9.827102 
33.814927 
53.595594 
13.500216 
14.432268 
16.906615 
55.400000 
55.400000 
23.480374 
53.655348 
6.276229 
5.337733 
14.865341 
14.695668 
16.937445 
13.181088 
12.660662 
19.964495 
2.622378 
24.046710 
36.828421 
6.384747 
18.984194 
12.785523 
38.521665 
13.272257 
4.650835 
25.830025 
13.867513 
11.814196 
19.086548 
55.400000 
18.259903 
19.447794 
55.400000 
10.470421 
28.990683 
55.400000 
9.127324 
5.205587 
5.239661 
11.596009 
55.400000 
44.961753 
55.400000 
12.250945 
14.585187 
14.946061 
12.705007 
15.079231 
22.148722 
34.735797 
55.400000 
12.471802 
22.737040 
0.000000 
18.058326 
11.309065 
14.495198 
14.938317 
0.000000 
9.488424 
30.689204 
14.457990 
14.057060 
38.847026 
0.000000 
16.582683 
