31.978166 
26.548414 
27.365416 
22.245877 
23.324845 
26.284173 
22.995636 
27.524689 
23.588539 
26.550952 
24.274995 
23.131598 
24.189039 
27.543395 
25.227919 
24.578125 
32.520839 
23.556072 
27.254319 
22.357017 
27.454828 
24.848774 
33.039638 
25.234269 
23.854348 
32.079637 
30.254331 
33.003609 
23.959554 
10.704475 
23.729623 
32.435571 
25.536141 
31.692501 
25.895527 
27.501689 
24.877201 
27.513990 
28.855431 
23.047330 
26.039480 
22.066110 
32.078729 
28.857190 
23.379753 
24.519197 
31.827713 
28.100283 
24.175766 
23.192668 
23.586699 
27.684305 
26.356281 
31.713832 
23.320328 
32.618281 
29.713193 
24.597005 
23.681824 
24.040219 
27.018291 
30.406239 
27.761510 
23.788655 
27.644109 
23.416993 
32.365402 
22.283638 
33.187780 
24.095729 
27.239316 
24.570149 
23.523265 
22.400402 
25.777919 
23.221416 
23.308644 
30.481449 
31.693452 
28.929811 
23.235871 
30.681443 
22.780426 
33.516923 
27.830914 
23.909570 
26.913708 
23.502538 
23.353421 
26.263015 
22.532872 
32.527403 
23.849916 
31.899308 
23.460502 
29.013040 
23.923059 
27.981749 
33.078263 
27.955985 
27.582531 
32.785734 
32.084422 
31.268798 
27.070784 
27.114040 
