11.913530 
13.438020 
18.503402 
17.119432 
15.879771 
30.858661 
10.098553 
22.015387 
29.305339 
36.347750 
31.744618 
21.130165 
21.565322 
11.188368 
21.979310 
11.059406 
22.893670 
2.416807 
27.106554 
28.141257 
11.009456 
33.993020 
16.446484 
11.029478 
27.485214 
24.343961 
27.977240 
22.075267 
10.805954 
23.032273 
31.684365 
8.715102 
17.793383 
26.324414 
21.188310 
33.891332 
34.585954 
29.341804 
12.645279 
30.176760 
26.896749 
21.436625 
25.976630 
34.190099 
36.395290 
30.175271 
20.666029 
20.275150 
18.163275 
17.566348 
30.661777 
35.243572 
25.836776 
18.488142 
28.633435 
25.046870 
14.269627 
31.345974 
24.567891 
12.582590 
25.089575 
29.174346 
22.991749 
31.683924 
14.233565 
30.574193 
6.231345 
26.351182 
20.009533 
23.248392 
23.321187 
14.734302 
31.969001 
3.045674 
20.664359 
29.863040 
32.821207 
13.456308 
16.179793 
11.949334 
29.351540 
23.609999 
29.867154 
12.250733 
10.896467 
4.826920 
27.983234 
18.486425 
30.727537 
23.679865 
28.060031 
18.387622 
16.525194 
14.052977 
22.875283 
24.010576 
11.097290 
20.415350 
13.820437 
26.784642 
23.444303 
12.146219 
10.146253 
27.547206 
14.465624 
32.205220 
