24.146950 
16.192625 
5.572533 
15.434106 
15.075601 
27.407620 
7.055799 
0.000000 
28.164140 
0.078234 
0.000000 
3.799397 
13.474990 
17.717764 
9.740318 
9.876991 
23.699789 
10.155631 
17.409916 
5.434742 
12.724443 
55.400000 
15.840950 
15.464025 
8.358486 
20.973943 
2.341259 
55.400000 
13.309594 
11.894343 
0.000000 
8.122190 
14.750216 
14.966164 
0.000000 
14.580111 
24.680674 
5.959938 
11.730338 
29.652400 
26.651935 
25.281153 
0.000000 
0.000000 
4.460976 
3.496517 
8.844585 
17.828038 
27.561786 
27.692502 
0.000000 
0.000000 
14.373347 
19.269733 
0.000000 
45.933207 
16.005659 
10.116695 
11.196151 
9.364004 
7.021331 
6.515401 
7.083684 
13.650472 
11.534707 
25.052838 
23.600357 
20.138377 
53.196289 
26.220155 
13.183191 
10.822313 
8.292949 
13.190973 
5.339509 
23.170891 
12.970355 
16.904245 
13.077798 
24.255069 
13.187355 
49.495436 
17.615716 
17.815074 
0.000000 
40.704802 
55.400000 
8.720947 
55.400000 
15.128734 
14.361260 
17.906093 
23.069414 
4.998580 
27.337173 
18.929734 
12.624630 
6.843937 
5.223118 
28.930251 
27.361084 
9.581338 
26.598258 
27.575462 
9.251744 
13.511075 
0.000000 
16.299447 
37.751376 
18.082482 
0.052962 
13.111427 
12.890096 
44.277383 
6.700480 
17.351542 
55.400000 
14.503313 
23.125974 
15.196832 
15.108903 
21.599963 
12.121720 
48.203259 
16.423886 
25.161195 
14.060185 
28.199952 
0.000000 
15.077831 
22.733706 
14.044568 
16.314907 
11.176416 
5.085723 
12.471242 
10.175242 
13.137792 
3.772416 
10.135607 
18.428809 
13.013013 
17.830926 
8.002397 
7.727500 
19.756097 
13.910822 
13.418464 
5.767611 
55.400000 
29.926104 
55.400000 
13.033235 
55.400000 
15.993116 
7.916531 
31.883623 
11.682955 
11.466060 
9.943399 
5.143014 
29.728864 
0.000000 
55.400000 
39.705425 
9.377705 
23.693232 
41.602344 
12.116613 
6.215140 
21.751070 
10.744346 
6.842055 
32.620153 
21.182443 
14.706321 
24.738300 
29.007572 
5.948459 
14.548245 
55.400000 
20.646278 
10.210935 
16.403673 
9.728127 
15.918839 
23.635877 
0.000000 
13.448851 
54.806307 
8.076680 
7.879299 
28.320273 
14.407296 
10.757793 
26.410221 
29.072974 
12.726630 
54.380101 
8.022888 
10.403573 
8.210927 
6.137649 
31.932182 
31.262104 
30.542891 
55.400000 
0.000000 
0.000000 
12.907695 
12.055090 
6.747343 
8.209402 
4.940864 
17.184241 
15.950061 
12.192335 
16.776288 
13.466824 
55.400000 
0.000000 
5.870183 
55.400000 
6.981535 
12.649704 
45.699434 
4.867019 
33.434475 
32.423546 
18.278958 
48.520590 
0.000000 
26.413723 
22.175737 
6.463581 
6.417500 
4.544082 
20.639378 
12.335011 
29.030416 
18.438275 
19.286235 
0.000000 
11.868028 
5.793545 
31.753913 
10.581475 
6.095890 
8.458256 
7.128325 
35.148557 
55.400000 
15.129206 
30.807769 
21.302537 
13.202075 
18.185982 
37.196737 
11.730743 
19.668352 
6.624354 
0.469950 
