30.474987 
33.536780 
27.865702 
32.237734 
29.827269 
38.273429 
35.262508 
37.002909 
37.789874 
36.657592 
31.655355 
31.953217 
33.957930 
34.511627 
27.671641 
33.187592 
36.741450 
36.291846 
32.725270 
35.841678 
40.453441 
33.284559 
34.106145 
32.559486 
30.029729 
33.687490 
35.174124 
36.710037 
35.346654 
36.269794 
36.577113 
32.779145 
35.148658 
35.117760 
13.510950 
30.488671 
37.093095 
26.954295 
31.753384 
33.124053 
27.843079 
36.908154 
36.387739 
36.785761 
34.840791 
36.812969 
38.292510 
35.093036 
36.969538 
35.338808 
35.638275 
34.854259 
37.447082 
35.530087 
36.706057 
33.744681 
36.594389 
29.526830 
34.347723 
34.857015 
31.235689 
27.435827 
36.644212 
41.533300 
34.664271 
36.742972 
34.632588 
37.379974 
34.580067 
36.931501 
33.388804 
36.741019 
32.331217 
32.863551 
35.243012 
36.216954 
35.347315 
35.210358 
41.533300 
36.220400 
35.051313 
32.582914 
33.705253 
37.024329 
36.040826 
32.156928 
35.678036 
27.838072 
35.399287 
37.022616 
34.424412 
34.325850 
31.662112 
31.862293 
37.160453 
35.370111 
33.689032 
34.286040 
31.155104 
38.967144 
37.256361 
27.833193 
35.775036 
34.524709 
27.444370 
39.498719 
36.669181 
37.090019 
32.216781 
37.483660 
35.674033 
36.010765 
34.914808 
34.539370 
33.825956 
35.276223 
35.464962 
37.323043 
33.533223 
31.943677 
36.180609 
40.223212 
33.421501 
32.917738 
37.895232 
37.334443 
32.632704 
37.504002 
36.824026 
34.662742 
36.307132 
36.151660 
33.371167 
29.454961 
33.854266 
27.926159 
35.941422 
34.743456 
36.079691 
35.926965 
31.597497 
34.497825 
33.137474 
30.330360 
34.236062 
37.369356 
34.507030 
36.585084 
32.597892 
35.469408 
37.124281 
34.533279 
33.871423 
32.510688 
32.329388 
31.652365 
37.547971 
37.322541 
30.361414 
36.430377 
32.474956 
30.130036 
36.430985 
34.528790 
35.522939 
37.050070 
27.178601 
33.816551 
31.304642 
30.209654 
34.483629 
35.149729 
32.278131 
33.768444 
32.028114 
36.627824 
31.479956 
36.680408 
36.349610 
33.453971 
32.405584 
30.885140 
33.191022 
32.668998 
39.765033 
34.929504 
36.458396 
35.477865 
35.185308 
32.709756 
34.637297 
34.921868 
30.533487 
37.191477 
35.272726 
36.284545 
35.096945 
32.284491 
29.562103 
35.925461 
37.100076 
35.693841 
33.055681 
34.955285 
33.272759 
36.104373 
34.408664 
35.753465 
36.871623 
41.533300 
36.165244 
33.798044 
35.376109 
31.552351 
33.501066 
35.246675 
36.737480 
36.095279 
29.013200 
35.005713 
35.184021 
34.218497 
38.106667 
33.800316 
34.683895 
31.608041 
31.533842 
32.915602 
29.805052 
30.315893 
32.649616 
36.264356 
27.955760 
33.543365 
34.407288 
35.289267 
35.830710 
35.666743 
31.485740 
31.275975 
36.785554 
35.862874 
35.404260 
37.655998 
31.834071 
37.131248 
34.356637 
27.794824 
27.993974 
34.752028 
32.725571 
31.700216 
34.686961 
37.705388 
36.299817 
35.667085 
40.415887 
35.705569 
32.725287 
36.182091 
34.162095 
34.587194 
