16.341850 
26.858610 
10.327288 
28.795371 
2.412607 
27.568977 
13.318171 
5.239478 
18.348928 
13.755911 
6.070733 
13.218039 
20.202670 
17.171458 
11.227293 
11.350627 
32.494416 
7.169608 
17.600864 
16.055946 
4.328777 
18.661866 
17.098114 
7.348463 
12.968480 
7.460675 
16.589592 
29.101311 
13.106898 
17.466192 
9.994184 
13.593809 
27.673191 
24.143822 
3.701044 
12.413315 
11.253241 
11.061015 
17.084090 
23.097263 
10.852455 
14.395650 
2.309645 
18.033003 
19.435501 
13.857220 
20.491533 
17.952771 
21.985090 
20.740860 
8.390739 
14.089513 
11.098019 
29.687100 
1.895682 
27.383380 
17.809442 
13.123532 
10.386018 
21.919654 
9.818941 
7.270259 
24.806981 
9.900491 
8.953814 
11.126266 
18.671109 
25.885374 
30.752922 
4.084876 
24.182519 
13.945712 
16.493254 
18.028698 
15.534001 
20.071077 
10.468934 
26.328073 
23.749130 
20.062375 
5.213664 
20.566372 
30.184918 
17.049071 
15.159953 
28.734942 
11.211150 
10.294642 
32.224728 
20.540271 
18.365359 
21.720604 
18.315597 
17.997020 
10.327450 
29.594873 
18.230151 
24.302006 
13.840765 
19.910122 
14.254367 
35.321200 
34.804759 
17.078937 
10.176370 
9.598051 
6.259900 
18.239220 
16.688438 
6.397898 
12.844649 
14.902044 
18.348871 
30.792758 
6.680726 
16.037459 
29.296500 
13.876378 
31.166196 
16.467129 
17.681608 
17.330556 
17.060600 
29.837291 
20.358094 
21.617077 
18.287547 
17.301165 
8.679766 
23.818485 
13.646523 
25.727188 
29.824358 
9.368492 
35.895086 
35.606115 
14.439819 
14.514719 
16.305142 
21.199573 
19.921249 
9.637045 
30.412480 
11.190133 
21.403561 
17.662468 
18.324279 
11.942232 
18.873341 
26.941457 
23.036984 
31.193922 
6.875351 
27.388790 
24.013238 
12.038267 
28.827232 
18.634466 
11.120901 
11.711120 
11.038090 
23.571738 
16.588361 
27.570498 
19.108593 
20.053609 
10.978640 
27.570308 
12.678892 
10.292846 
28.611732 
18.575893 
14.757211 
16.250729 
16.184846 
24.708643 
22.186490 
12.448945 
15.774724 
11.988829 
28.406893 
30.806859 
14.588913 
11.307991 
31.794401 
29.845814 
21.365722 
11.736923 
19.831122 
29.170816 
17.703654 
16.837851 
9.822024 
21.228297 
23.706786 
18.075526 
26.910638 
11.104798 
29.237838 
13.435660 
3.817563 
11.932448 
15.670522 
20.120244 
29.563556 
20.363007 
27.230692 
6.703806 
6.882143 
16.104588 
10.428275 
17.504462 
13.627088 
12.703250 
12.989562 
30.832143 
16.577831 
32.749061 
11.315718 
19.196067 
3.732495 
24.107906 
30.599617 
20.867643 
17.571661 
17.911751 
12.571573 
17.768974 
10.987734 
10.928485 
28.444177 
9.863804 
35.808326 
18.322231 
11.200482 
16.076228 
37.624714 
17.906913 
10.946246 
19.419245 
23.196119 
10.557401 
13.336307 
4.681940 
7.147942 
20.465335 
19.958897 
20.221556 
25.938527 
21.482410 
27.039644 
29.558584 
29.862676 
21.989157 
30.610598 
18.158401 
31.311133 
27.619017 
18.531045 
20.714269 
26.217311 
15.463694 
