13.578737 
26.249947 
3.306610 
13.118540 
7.627020 
37.012160 
27.979196 
23.106485 
51.182655 
23.328255 
4.721773 
7.662723 
22.734947 
23.673517 
23.890567 
12.681118 
32.393859 
13.336969 
11.591684 
31.488847 
8.350378 
18.275908 
23.777882 
7.803573 
5.966488 
22.674841 
14.387255 
31.008037 
19.660266 
17.707357 
19.499953 
13.361960 
22.740230 
44.404141 
2.998459 
11.649672 
9.670680 
26.944283 
6.753823 
23.498840 
23.042108 
12.957007 
3.091636 
30.133663 
22.468784 
17.896995 
23.678372 
25.548731 
41.411758 
25.482040 
9.589360 
14.876896 
20.063935 
32.656428 
8.309461 
17.979336 
19.995829 
24.073819 
17.170080 
27.560452 
7.198179 
4.346187 
13.042321 
10.617914 
12.993326 
23.436749 
29.015320 
47.135732 
32.500426 
8.368500 
19.634536 
24.058023 
11.687081 
24.147235 
29.107534 
24.797163 
29.199375 
29.194568 
28.052087 
34.363295 
8.312705 
30.255695 
29.415395 
8.804484 
20.243909 
32.133914 
23.719090 
8.050666 
29.444747 
32.038846 
31.499323 
23.712098 
24.943588 
18.231434 
24.764632 
29.713317 
18.871447 
24.531778 
6.767956 
42.529372 
22.479815 
37.294444 
40.451416 
31.075415 
18.082759 
20.316454 
7.885579 
35.243939 
12.869814 
7.974423 
18.744616 
28.734216 
37.222568 
35.715512 
8.438301 
24.570432 
34.130896 
11.389830 
29.669233 
17.574703 
23.675761 
63.292542 
32.564230 
22.495337 
38.364949 
49.519243 
24.283480 
19.403225 
12.231581 
25.218562 
26.626529 
29.754590 
27.426204 
4.601340 
10.995236 
28.938246 
28.772710 
25.237166 
29.951305 
24.575818 
10.835902 
12.639465 
26.977461 
25.236338 
13.711678 
51.535545 
17.142133 
30.020267 
31.891141 
30.073907 
54.709726 
26.660222 
16.305720 
12.028071 
17.437439 
14.013306 
35.855906 
28.852740 
12.387679 
29.087217 
8.226520 
27.919687 
31.221288 
29.797527 
24.160049 
28.506147 
24.588101 
12.348824 
23.480029 
6.668267 
31.757809 
26.269324 
10.416947 
9.621590 
9.226824 
25.658786 
8.052723 
23.978034 
8.793948 
14.462307 
18.423470 
33.475122 
12.700351 
17.055296 
38.429893 
28.419447 
30.830659 
21.952727 
12.056650 
27.782385 
28.553331 
9.043881 
9.959153 
28.316003 
27.462465 
54.027326 
29.694522 
11.062592 
10.994812 
30.592677 
6.928316 
13.036745 
11.271068 
24.772241 
26.326263 
31.209931 
29.393591 
13.155308 
13.478556 
40.629104 
31.094018 
19.395042 
36.772114 
7.687784 
28.641566 
30.733730 
24.297809 
32.969855 
10.620303 
22.712161 
7.952448 
26.281985 
32.194105 
12.904618 
16.136442 
16.702540 
7.260907 
24.527424 
8.743038 
18.351859 
21.176008 
12.818612 
10.133794 
22.347304 
37.403602 
29.143118 
7.465676 
18.946783 
12.062047 
27.878435 
36.612557 
24.520024 
15.264384 
8.432146 
10.255666 
55.892609 
26.123944 
10.704762 
10.827831 
23.541253 
27.832990 
24.755132 
26.546534 
54.268038 
26.726486 
26.039770 
31.432583 
32.297080 
23.437639 
38.765020 
31.946915 
12.492546 
