37.800403 
42.891396 
37.715131 
42.588144 
43.489976 
40.694469 
44.210617 
41.293952 
40.116318 
38.332886 
43.527022 
41.376704 
38.465011 
39.176468 
49.000000 
49.000000 
42.078127 
45.391336 
37.088045 
41.296649 
45.772960 
36.980481 
37.700991 
40.274284 
45.959096 
40.706760 
37.842971 
44.128145 
41.183364 
37.805918 
45.617060 
44.997374 
28.381606 
43.340174 
24.779116 
40.855916 
38.417811 
49.000000 
37.494667 
38.308479 
37.736754 
41.786381 
45.648551 
43.039438 
39.901121 
37.879536 
43.662786 
38.904197 
43.012355 
38.107002 
42.857625 
42.530734 
44.737060 
42.331818 
27.154058 
41.183975 
40.931005 
43.582226 
42.383666 
41.683784 
40.965331 
41.003937 
41.800256 
43.732102 
40.950329 
37.657268 
39.596370 
45.016079 
42.274884 
38.728107 
43.339866 
42.928986 
42.478615 
29.155378 
41.339885 
39.796367 
43.199391 
42.232833 
43.674766 
43.054708 
43.936771 
39.627309 
43.009816 
44.997094 
41.528532 
38.990032 
18.005231 
37.163818 
42.218195 
43.293956 
43.992273 
41.710947 
39.254042 
40.240985 
40.602296 
44.063705 
40.175968 
38.091090 
42.420713 
39.751491 
40.787703 
40.878899 
41.410400 
37.665016 
41.017880 
43.255403 
46.046584 
46.520068 
45.320941 
39.239146 
42.113938 
41.735528 
41.054135 
43.970674 
41.665202 
38.055642 
45.842329 
42.224326 
41.368885 
40.960479 
40.799496 
41.108601 
44.915151 
42.895675 
45.141198 
43.435657 
42.032633 
37.934732 
37.522017 
42.340709 
39.205418 
42.211997 
44.948733 
37.098120 
41.542462 
42.603060 
41.406021 
39.974483 
42.194925 
43.145950 
37.752315 
48.547917 
42.701801 
39.670132 
40.244969 
46.431245 
39.320392 
42.659336 
42.285696 
42.591814 
44.063523 
43.974768 
43.143746 
44.182909 
40.479146 
40.483930 
45.272823 
40.432456 
45.187479 
39.925571 
42.371846 
39.752502 
46.006942 
43.645694 
41.861259 
37.952403 
38.163638 
42.697917 
43.849689 
44.779361 
41.786828 
42.857765 
42.303572 
37.130018 
41.374865 
43.374852 
40.107918 
41.770720 
39.044004 
42.882137 
37.376451 
45.485865 
44.756282 
38.866557 
41.455565 
42.317892 
39.061898 
32.321964 
44.807324 
42.707969 
42.212585 
37.478432 
38.057823 
45.250456 
41.539071 
37.645341 
42.021401 
41.379668 
44.610762 
44.547511 
42.917901 
43.733354 
43.202788 
41.691500 
41.669363 
37.986766 
43.636564 
42.888782 
37.396970 
42.781503 
40.866935 
42.333319 
40.157346 
43.171386 
43.482378 
43.251340 
46.854235 
32.830050 
38.675112 
28.720869 
41.735757 
40.253310 
44.984069 
38.690129 
41.110452 
41.841234 
42.704520 
37.162417 
38.189787 
46.013357 
41.499680 
43.096980 
39.026310 
40.282965 
40.088886 
40.197641 
40.754235 
38.169942 
43.272935 
45.575912 
41.142912 
37.646867 
43.143964 
39.929593 
42.423740 
41.450266 
45.451193 
38.936612 
42.713217 
41.793723 
41.657749 
44.850890 
42.801825 
39.680452 
45.237322 
40.622846 
44.429090 
42.475156 
49.000000 
40.756575 
40.085713 
41.430168 
