22.078175 
26.870488 
21.989653 
23.984536 
22.752021 
25.394791 
31.399623 
31.357151 
32.527739 
30.518218 
10.256395 
24.226517 
23.135271 
24.441053 
27.234452 
28.063685 
23.469965 
32.544862 
21.379601 
32.121146 
22.918708 
23.011663 
25.229447 
22.030900 
22.999689 
28.641574 
26.656085 
13.001163 
31.479722 
25.221720 
12.669874 
22.559071 
14.539328 
32.114987 
9.833350 
23.035641 
22.584065 
26.975779 
21.244118 
27.613644 
24.096468 
24.223346 
9.845637 
10.733160 
29.216910 
22.984920 
22.766474 
25.593019 
29.125768 
24.378242 
33.350301 
10.702289 
24.251732 
25.116525 
9.833350 
26.341382 
23.596370 
22.860705 
32.073750 
32.678780 
22.819900 
21.857226 
22.992527 
22.584823 
27.295994 
25.144758 
24.854345 
29.034402 
23.267437 
21.951256 
27.822026 
32.311784 
23.621744 
28.779608 
31.586788 
28.923226 
32.819576 
31.844736 
25.400329 
28.683138 
28.865739 
24.103251 
24.105547 
22.037838 
28.752275 
22.400759 
9.833358 
24.243427 
24.222316 
32.026620 
23.686148 
23.595597 
23.429255 
23.373403 
30.636322 
24.052839 
23.586324 
26.414950 
22.674245 
32.335376 
23.734263 
27.916227 
23.629214 
22.204180 
26.036156 
27.527844 
9.833350 
26.430153 
22.006053 
22.668879 
32.576853 
30.117663 
31.603528 
23.587675 
29.225651 
28.661586 
22.852385 
22.942551 
23.291636 
23.302929 
31.797056 
31.257380 
25.677988 
25.965485 
27.135219 
24.175726 
25.984140 
22.744130 
9.833350 
27.378126 
31.032336 
23.400922 
22.878410 
21.341329 
24.697337 
27.331304 
31.491371 
30.498682 
30.710157 
33.256988 
22.972749 
27.287260 
22.891779 
26.947284 
26.182807 
23.581723 
23.668528 
32.582721 
29.202572 
12.051370 
32.487815 
22.882395 
31.304717 
22.422450 
23.219763 
26.197001 
28.141915 
23.736873 
22.800409 
33.549004 
27.880855 
23.930855 
9.833769 
30.538720 
25.926153 
24.055699 
24.574729 
22.773693 
28.180555 
23.807472 
23.683667 
30.945331 
24.610829 
10.570550 
21.806381 
25.578039 
22.506020 
23.102318 
26.796629 
28.712067 
23.183125 
22.935806 
24.717081 
23.773909 
29.687321 
29.985568 
28.126115 
9.833682 
23.179012 
23.614472 
31.442324 
21.343844 
22.655542 
23.722819 
26.688697 
23.203284 
28.755759 
25.204541 
22.054677 
33.135679 
22.855274 
31.824396 
26.225105 
30.643375 
24.069821 
27.367020 
23.648503 
14.491858 
9.833350 
33.628785 
33.001911 
31.807352 
31.482732 
23.932037 
27.611231 
27.426968 
23.005911 
17.416875 
22.507218 
10.157773 
23.250317 
24.160125 
23.770574 
22.412219 
22.231013 
22.070287 
26.139855 
21.828657 
22.227382 
22.906093 
23.626827 
12.709434 
23.249012 
23.629223 
28.328147 
29.863639 
23.069041 
22.751027 
23.969813 
22.998683 
29.311216 
28.598605 
26.190787 
22.492680 
30.720186 
25.252407 
29.903880 
22.543640 
24.044731 
31.043855 
26.231269 
23.667233 
25.907523 
27.467844 
24.429135 
24.374162 
23.033347 
29.247785 
28.073870 
31.325937 
27.189484 
25.924091 
