9.522265 
29.457357 
5.062398 
22.330543 
5.799258 
26.722696 
16.884766 
8.761525 
21.806321 
14.981383 
4.355563 
12.296634 
16.453017 
17.389881 
17.216526 
20.520506 
32.502696 
10.787653 
19.405228 
32.860404 
9.288008 
13.405305 
24.262225 
6.736140 
8.999058 
9.077501 
21.316455 
36.079883 
17.045610 
18.687019 
11.275199 
13.523686 
18.697030 
26.041941 
4.530590 
9.727392 
10.127026 
7.070986 
8.891592 
18.596431 
6.110071 
10.615110 
4.792641 
31.746755 
33.632632 
13.986755 
12.464124 
23.602859 
22.150843 
20.585048 
15.745268 
10.430848 
12.220266 
45.005449 
3.337926 
17.853687 
10.093544 
12.037519 
16.180394 
35.216339 
6.048224 
5.266609 
13.366815 
9.675861 
6.872712 
12.077328 
24.439406 
23.228673 
53.960425 
8.891723 
25.657613 
16.227127 
13.979329 
12.976285 
32.210493 
20.042302 
21.967808 
35.104417 
25.473795 
20.977192 
6.033530 
32.471413 
33.516032 
14.524216 
18.734053 
28.398800 
17.610180 
4.652338 
41.571319 
18.946050 
25.436507 
24.324470 
14.500466 
26.218789 
14.927782 
32.970682 
24.109113 
27.085211 
11.185947 
27.761460 
12.564495 
36.122655 
47.868643 
19.909859 
6.331958 
12.035145 
5.515646 
19.802791 
11.233190 
7.093291 
21.799554 
16.680976 
34.116323 
34.033840 
6.131813 
18.785906 
24.368223 
10.739950 
31.781438 
14.993383 
23.376360 
15.441923 
23.059261 
23.717872 
33.226938 
20.225399 
23.746785 
11.897220 
10.910741 
21.945777 
27.352420 
28.906002 
24.710379 
6.138584 
26.810878 
33.961033 
25.006242 
20.133421 
27.979996 
32.225741 
12.872966 
12.614976 
22.858649 
13.875294 
17.582650 
15.243791 
21.216247 
18.866217 
32.354289 
36.234107 
33.314116 
36.146604 
11.357663 
12.925468 
14.898371 
17.384630 
25.516583 
21.819971 
8.941370 
30.335820 
13.163034 
24.318315 
13.756206 
35.581765 
15.125197 
14.819535 
8.709045 
14.589986 
14.409511 
7.741262 
27.916784 
26.247763 
16.086762 
16.155211 
15.512241 
21.445835 
7.140143 
12.816685 
17.868512 
13.012715 
24.134832 
23.530057 
17.819730 
12.806075 
23.334468 
34.557837 
27.563200 
12.010643 
11.249278 
40.918516 
33.688751 
12.363327 
6.338168 
18.646739 
26.178782 
23.855246 
32.236103 
11.164906 
21.113511 
18.390183 
7.092818 
15.678135 
15.224787 
21.347528 
27.463874 
29.378488 
38.047031 
11.400708 
6.662986 
28.093885 
20.607202 
24.952720 
35.127116 
13.288959 
17.589817 
33.660757 
14.391300 
36.723882 
8.692730 
16.424691 
4.482510 
32.867088 
40.009018 
17.006500 
17.138081 
19.251104 
14.098880 
22.617684 
5.802171 
10.371970 
22.407095 
11.226370 
22.982661 
15.843333 
33.391893 
31.871519 
10.703317 
20.196646 
13.019120 
10.571826 
33.066989 
12.797668 
12.910237 
8.158056 
7.142424 
17.965428 
30.920375 
17.675903 
16.402006 
28.860441 
18.747371 
12.897917 
32.723922 
23.902597 
24.358261 
17.444680 
21.730969 
36.314662 
10.085894 
29.439341 
36.647201 
29.351357 
