34.284302 
14.776495 
47.675026 
13.432377 
15.752712 
10.650999 
36.551315 
36.629422 
15.834409 
36.599162 
36.632421 
35.223116 
31.765365 
14.335467 
35.760675 
53.800000 
9.274231 
36.071978 
53.800000 
53.800000 
36.426136 
31.911435 
53.800000 
46.546548 
53.800000 
23.836391 
40.753121 
36.461299 
53.800000 
53.800000 
36.631669 
36.544577 
35.474537 
10.480695 
36.633350 
50.695753 
38.587367 
0.133337 
43.273476 
12.295541 
36.626657 
35.899787 
36.633334 
36.598750 
36.143853 
36.719110 
36.156500 
30.707812 
25.249466 
33.589948 
36.614113 
36.626475 
51.899083 
12.188715 
36.633350 
14.120567 
18.357470 
31.086998 
0.198755 
15.070705 
35.583924 
35.577941 
33.796166 
23.843361 
35.656943 
38.080391 
23.465447 
16.637099 
18.202992 
53.800000 
14.712040 
36.274787 
27.844898 
14.740202 
35.328117 
17.478940 
33.237000 
11.749722 
13.032750 
12.793995 
36.245087 
12.422050 
15.714350 
53.800000 
36.595769 
12.511617 
36.626267 
36.621467 
15.677923 
36.508011 
26.124474 
26.737813 
14.270753 
0.146415 
36.322994 
17.261731 
53.800000 
33.787170 
39.964935 
53.800000 
34.565509 
0.133334 
0.133341 
53.800000 
32.190090 
31.345940 
36.633350 
35.379447 
36.111461 
53.800000 
41.825766 
35.344938 
0.134136 
11.509328 
0.199992 
36.055488 
11.380998 
53.800000 
11.811832 
53.800000 
53.800000 
11.429975 
41.523096 
14.039073 
35.634805 
29.388478 
14.590581 
36.217280 
36.633350 
6.559933 
12.372171 
30.735575 
27.055663 
53.800000 
0.137102 
36.115663 
41.710695 
29.819464 
36.175314 
35.948781 
35.903991 
37.069768 
0.226171 
0.133545 
11.151729 
35.129566 
11.383891 
36.575250 
0.200063 
36.220547 
24.705518 
0.149220 
11.489945 
16.015327 
0.197012 
30.587102 
27.412642 
53.800000 
23.833383 
36.018427 
35.347803 
10.260466 
36.633116 
18.382345 
36.328670 
36.487345 
36.620950 
35.465889 
36.520470 
35.689813 
15.886251 
53.800000 
53.800000 
36.514710 
31.677929 
25.211267 
3.832275 
36.603199 
53.800000 
12.656660 
17.771626 
9.193653 
35.893541 
34.523519 
0.133364 
27.407550 
29.468561 
36.632799 
33.172506 
11.163226 
41.341860 
53.800000 
36.628450 
35.541928 
35.457952 
35.739962 
15.589376 
53.800000 
11.146387 
36.416587 
19.003884 
36.210166 
35.265444 
26.115731 
11.336431 
36.525310 
27.321498 
36.614370 
36.633350 
0.134418 
0.135125 
12.065014 
36.273051 
36.072513 
28.201720 
7.956451 
37.359031 
35.811382 
31.144892 
36.257691 
36.631980 
30.506763 
21.101054 
26.914763 
44.702664 
53.800000 
53.800000 
53.800000 
32.759905 
13.489930 
14.369267 
36.610453 
0.247993 
17.906612 
36.178019 
35.386511 
0.138089 
53.800000 
31.364750 
36.327605 
21.707899 
36.624048 
36.239620 
37.249451 
34.130758 
35.864434 
35.865959 
17.475385 
0.201370 
33.089549 
10.176901 
9.769949 
13.626654 
30.953294 
32.922626 
26.591836 
9.634194 
27.787807 
35.978136 
0.260931 
0.133846 
36.256596 
