8.186599 
26.298384 
5.721253 
16.223453 
5.572637 
24.227976 
14.396677 
8.416523 
18.026503 
12.307718 
3.880980 
14.579600 
19.603048 
32.292491 
12.957004 
11.389049 
37.990545 
8.537349 
11.776196 
35.030379 
6.473684 
13.285231 
25.274709 
5.916124 
7.128383 
9.894452 
21.986552 
31.598696 
18.492279 
17.699263 
6.566816 
8.198766 
16.027647 
28.401169 
3.931602 
9.996759 
6.261655 
36.902246 
6.249153 
19.601828 
5.651507 
7.807202 
5.409158 
17.714324 
34.980739 
12.914775 
8.866250 
23.761553 
17.323615 
14.968816 
8.347522 
8.228189 
9.652086 
36.474233 
4.285982 
18.058018 
9.751879 
13.326944 
14.618716 
33.611829 
5.467725 
4.522917 
9.100107 
7.973805 
8.170683 
6.144709 
22.504887 
17.291331 
35.952034 
5.871805 
20.953181 
13.506374 
10.169084 
24.730484 
34.892175 
14.561352 
14.477090 
35.114382 
16.740468 
23.264165 
5.695729 
25.881968 
35.240164 
10.090401 
18.663365 
24.756720 
14.655583 
5.158262 
39.251352 
17.269399 
21.204311 
25.232687 
14.600869 
22.923745 
13.330171 
35.387691 
24.389729 
19.680249 
7.223612 
22.812034 
9.250807 
40.364664 
41.178098 
13.543837 
9.526048 
10.360462 
4.752453 
21.441607 
7.938266 
6.305757 
18.043963 
21.660202 
23.445384 
31.438544 
10.337794 
14.988684 
34.886974 
9.501076 
30.719375 
17.334938 
20.758981 
16.336059 
15.691463 
25.911541 
31.629716 
15.031537 
20.033140 
8.626027 
9.816525 
16.710432 
22.914583 
32.431903 
33.667741 
5.613918 
36.095760 
18.274792 
21.723764 
14.068020 
29.592652 
17.675736 
15.860791 
13.374938 
37.146402 
19.570857 
13.042868 
15.974823 
13.800680 
15.164643 
22.654224 
33.751736 
21.885972 
35.466671 
12.823901 
8.511139 
9.614738 
13.030392 
14.631671 
13.941362 
7.732026 
19.417629 
13.716374 
13.664382 
9.493670 
30.109378 
12.202443 
10.781484 
6.318882 
11.135138 
15.011492 
13.041094 
26.239633 
25.552143 
17.860002 
14.616501 
12.913261 
15.058547 
6.962453 
12.050082 
12.356739 
13.052088 
18.153955 
14.430503 
8.698163 
9.283477 
28.821793 
25.356033 
25.865076 
14.752563 
8.736683 
36.025493 
23.502609 
9.944772 
5.707662 
15.911975 
19.871899 
21.233551 
29.893512 
10.929368 
8.471883 
17.277789 
6.749962 
12.218288 
11.540766 
18.263219 
28.113761 
18.484212 
34.198859 
9.455778 
6.192153 
20.658228 
16.424595 
15.517223 
36.061854 
5.639661 
13.810043 
36.887417 
12.089649 
36.171824 
7.184825 
13.002569 
5.541136 
32.345048 
34.112427 
9.580220 
12.349179 
20.356576 
14.101414 
19.816298 
6.014543 
7.866045 
14.544622 
14.341630 
39.093890 
13.853505 
36.444717 
34.867315 
37.435626 
19.911673 
7.433433 
8.825998 
25.396028 
10.929212 
12.707110 
8.097577 
14.631882 
13.899419 
24.617159 
13.591001 
13.241938 
24.563985 
13.682950 
12.914258 
36.079653 
18.806302 
27.001657 
20.527031 
13.069870 
34.635418 
5.702027 
30.852496 
36.597910 
25.965250 
