25.484720 
12.245411 
16.307927 
10.626550 
3.551938 
22.262119 
40.007924 
38.455271 
16.692936 
31.558681 
7.296270 
5.492404 
30.696146 
11.624921 
36.187782 
16.677728 
26.696251 
9.444462 
28.939139 
14.532332 
17.920040 
18.764093 
34.185054 
7.902648 
13.900532 
7.306671 
7.623262 
43.412987 
7.553754 
7.385122 
41.259507 
35.147647 
38.701858 
11.134226 
40.619169 
20.212577 
36.852531 
3.037134 
22.111075 
4.394596 
40.080261 
36.720525 
35.785105 
47.933300 
5.227579 
36.898766 
30.954704 
24.037620 
35.711397 
36.603818 
5.350327 
37.062680 
22.681446 
20.831889 
40.555840 
14.349982 
17.498721 
17.567018 
5.583615 
7.177103 
6.071573 
5.007010 
9.353900 
9.192760 
8.308470 
39.292292 
31.500690 
26.667570 
27.727684 
23.666636 
13.992270 
35.153092 
10.024444 
3.128113 
7.562677 
22.332556 
30.796511 
10.634875 
15.486998 
21.128626 
6.243081 
27.247271 
21.764459 
29.977552 
42.265434 
30.758905 
47.933300 
35.401921 
24.223241 
42.865001 
23.206349 
29.914710 
23.871351 
7.515959 
39.312788 
26.205106 
25.181504 
9.772740 
8.538157 
33.744684 
35.767164 
4.725777 
21.413323 
34.951410 
4.226734 
14.735715 
40.664047 
29.154372 
17.018768 
5.334356 
8.029530 
33.587206 
15.227292 
25.898740 
2.830397 
38.271251 
24.283278 
25.960247 
27.308247 
26.086299 
13.401271 
25.166989 
22.885615 
18.639738 
31.277813 
31.743718 
11.602329 
38.325605 
41.771371 
22.229594 
6.828843 
26.083009 
23.835377 
8.266543 
16.343834 
36.343426 
11.176513 
8.067374 
32.675135 
47.933300 
26.120191 
17.557209 
24.820556 
4.388169 
6.373877 
32.470361 
9.488884 
40.838144 
19.178951 
47.933300 
37.280837 
23.050146 
7.322796 
8.624154 
12.497511 
6.845764 
25.541305 
20.596247 
14.367955 
7.153506 
4.355070 
8.501628 
42.207288 
47.933300 
41.944006 
35.695883 
40.113251 
40.080698 
11.704125 
10.165455 
25.151575 
26.733949 
8.239812 
44.529989 
26.226662 
23.811824 
4.022776 
38.501953 
27.663041 
8.342326 
6.979556 
27.058162 
21.683062 
18.556181 
12.798287 
41.516157 
32.694025 
47.933300 
15.651259 
16.210273 
47.933300 
31.222253 
40.219939 
27.459535 
44.099338 
31.815097 
35.870366 
7.278220 
21.602261 
18.336835 
6.706626 
35.620332 
16.701001 
33.852949 
25.174043 
41.155415 
31.394728 
16.076661 
40.646978 
16.177751 
7.313432 
7.075830 
5.549990 
9.735008 
14.033782 
25.917942 
28.486786 
47.933300 
12.894662 
20.081168 
20.147915 
14.231771 
22.599031 
16.303784 
29.374097 
9.360853 
6.856969 
37.606010 
35.849688 
18.668412 
23.742480 
44.209943 
18.344923 
25.926703 
5.504741 
33.368611 
2.862616 
27.283173 
8.315703 
37.508118 
24.660228 
40.144872 
22.706226 
12.789833 
4.189594 
38.210306 
17.292215 
14.008378 
7.965538 
8.101214 
16.869923 
11.698342 
24.574015 
34.039219 
38.246016 
13.752944 
24.802885 
37.725617 
6.093714 
21.487719 
14.770898 
47.933300 
