39.254042 
37.800403 
43.489976 
44.210617 
41.293952 
38.332886 
43.527022 
38.465011 
49.000000 
49.000000 
45.391336 
37.088045 
45.772960 
36.980481 
40.274284 
45.959096 
40.706760 
45.617060 
44.997374 
24.779116 
40.855916 
38.417811 
37.494667 
38.308479 
37.736754 
41.786381 
45.648551 
43.662786 
38.904197 
43.012355 
38.107002 
42.857625 
42.530734 
44.737060 
27.154058 
40.931005 
43.582226 
40.965331 
41.003937 
41.800256 
43.732102 
40.950329 
37.657268 
39.596370 
45.016079 
38.728107 
42.928986 
42.478615 
39.796367 
43.199391 
43.936771 
44.997094 
38.990032 
18.005231 
37.163818 
40.602296 
38.091090 
42.420713 
40.787703 
37.665016 
43.255403 
46.046584 
45.320941 
39.239146 
38.055642 
42.224326 
40.960479 
44.915151 
43.435657 
37.934732 
42.340709 
37.098120 
42.603060 
39.974483 
39.670132 
40.244969 
42.659336 
43.974768 
43.143746 
44.182909 
40.479146 
40.483930 
45.272823 
40.432456 
45.187479 
46.006942 
41.861259 
37.952403 
38.163638 
42.697917 
41.374865 
43.374852 
40.107918 
41.770720 
39.044004 
42.882137 
37.376451 
44.756282 
38.866557 
41.455565 
42.317892 
44.807324 
42.212585 
37.478432 
38.057823 
41.539071 
37.645341 
41.379668 
44.547511 
42.917901 
43.733354 
43.202788 
41.691500 
41.669363 
37.986766 
42.888782 
37.396970 
42.781503 
42.333319 
43.171386 
32.830050 
38.675112 
