18.315597 
16.341850 
2.412607 
13.318171 
5.239478 
13.755911 
6.070733 
20.202670 
11.227293 
11.350627 
7.169608 
17.600864 
4.328777 
18.661866 
7.348463 
12.968480 
7.460675 
9.994184 
13.593809 
3.701044 
12.413315 
11.253241 
17.084090 
23.097263 
10.852455 
14.395650 
2.309645 
20.491533 
17.952771 
21.985090 
20.740860 
8.390739 
14.089513 
11.098019 
1.895682 
17.809442 
13.123532 
9.818941 
7.270259 
24.806981 
9.900491 
8.953814 
11.126266 
18.671109 
25.885374 
4.084876 
13.945712 
16.493254 
20.071077 
10.468934 
5.213664 
17.049071 
28.734942 
11.211150 
10.294642 
10.327450 
24.302006 
13.840765 
14.254367 
17.078937 
9.598051 
6.259900 
16.688438 
6.397898 
16.037459 
13.876378 
16.467129 
17.060600 
21.617077 
17.301165 
23.818485 
9.368492 
35.606115 
14.514719 
11.190133 
21.403561 
11.942232 
31.193922 
6.875351 
27.388790 
24.013238 
12.038267 
28.827232 
18.634466 
11.120901 
16.588361 
19.108593 
20.053609 
10.978640 
27.570308 
16.184846 
24.708643 
22.186490 
12.448945 
15.774724 
11.988829 
28.406893 
14.588913 
11.307991 
31.794401 
29.845814 
19.831122 
17.703654 
16.837851 
9.822024 
23.706786 
18.075526 
11.104798 
13.435660 
3.817563 
11.932448 
15.670522 
20.120244 
29.563556 
20.363007 
6.703806 
6.882143 
16.104588 
17.504462 
12.703250 
32.749061 
11.315718 
