31.662112 
30.474987 
29.827269 
35.262508 
37.002909 
36.657592 
31.655355 
33.957930 
27.671641 
33.187592 
36.291846 
32.725270 
40.453441 
33.284559 
32.559486 
30.029729 
33.687490 
36.577113 
32.779145 
13.510950 
30.488671 
37.093095 
31.753384 
33.124053 
27.843079 
36.908154 
36.387739 
38.292510 
35.093036 
36.969538 
35.338808 
35.638275 
34.854259 
37.447082 
36.706057 
36.594389 
29.526830 
31.235689 
27.435827 
36.644212 
41.533300 
34.664271 
36.742972 
34.632588 
37.379974 
36.931501 
36.741019 
32.331217 
36.216954 
35.347315 
35.051313 
37.024329 
32.156928 
35.678036 
27.838072 
37.160453 
34.286040 
31.155104 
37.256361 
34.524709 
39.498719 
36.669181 
32.216781 
37.483660 
35.276223 
37.323043 
31.943677 
33.421501 
37.334443 
37.504002 
34.662742 
29.454961 
27.926159 
34.743456 
30.330360 
34.236062 
36.585084 
34.533279 
33.871423 
32.510688 
32.329388 
31.652365 
37.547971 
37.322541 
30.361414 
36.430985 
35.522939 
37.050070 
27.178601 
33.816551 
32.028114 
36.627824 
31.479956 
36.680408 
36.349610 
33.453971 
32.405584 
33.191022 
32.668998 
39.765033 
34.929504 
35.185308 
34.637297 
34.921868 
30.533487 
35.272726 
36.284545 
32.284491 
35.925461 
37.100076 
35.693841 
33.055681 
34.955285 
33.272759 
36.104373 
35.753465 
36.871623 
41.533300 
33.798044 
31.552351 
36.095279 
29.013200 
