14.600869 
8.186599 
5.572637 
14.396677 
8.416523 
12.307718 
3.880980 
19.603048 
12.957004 
11.389049 
8.537349 
11.776196 
6.473684 
13.285231 
5.916124 
7.128383 
9.894452 
6.566816 
8.198766 
3.931602 
9.996759 
6.261655 
6.249153 
19.601828 
5.651507 
7.807202 
5.409158 
8.866250 
23.761553 
17.323615 
14.968816 
8.347522 
8.228189 
9.652086 
4.285982 
9.751879 
13.326944 
5.467725 
4.522917 
9.100107 
7.973805 
8.170683 
6.144709 
22.504887 
17.291331 
5.871805 
13.506374 
10.169084 
14.561352 
14.477090 
5.695729 
10.090401 
24.756720 
14.655583 
5.158262 
13.330171 
19.680249 
7.223612 
9.250807 
13.543837 
10.360462 
4.752453 
7.938266 
6.305757 
14.988684 
9.501076 
17.334938 
15.691463 
15.031537 
8.626027 
16.710432 
5.613918 
18.274792 
14.068020 
19.570857 
13.042868 
15.164643 
35.466671 
12.823901 
8.511139 
9.614738 
13.030392 
14.631671 
13.941362 
7.732026 
9.493670 
12.202443 
10.781484 
6.318882 
11.135138 
12.913261 
15.058547 
6.962453 
12.050082 
12.356739 
13.052088 
18.153955 
8.698163 
9.283477 
28.821793 
25.356033 
8.736683 
23.502609 
9.944772 
5.707662 
19.871899 
21.233551 
10.929368 
17.277789 
6.749962 
12.218288 
11.540766 
18.263219 
28.113761 
18.484212 
9.455778 
6.192153 
20.658228 
15.517223 
5.639661 
36.171824 
7.184825 
