14.270753 
34.284302 
15.752712 
36.551315 
36.629422 
36.599162 
36.632421 
31.765365 
35.760675 
53.800000 
36.071978 
53.800000 
36.426136 
31.911435 
46.546548 
53.800000 
23.836391 
36.631669 
36.544577 
36.633350 
50.695753 
38.587367 
43.273476 
12.295541 
36.626657 
35.899787 
36.633334 
36.156500 
30.707812 
25.249466 
33.589948 
36.614113 
36.626475 
51.899083 
36.633350 
18.357470 
31.086998 
35.583924 
35.577941 
33.796166 
23.843361 
35.656943 
38.080391 
23.465447 
16.637099 
53.800000 
36.274787 
27.844898 
17.478940 
33.237000 
36.245087 
53.800000 
12.511617 
36.626267 
36.621467 
36.322994 
33.787170 
39.964935 
34.565509 
53.800000 
31.345940 
36.633350 
36.111461 
53.800000 
36.055488 
53.800000 
53.800000 
41.523096 
29.388478 
36.217280 
6.559933 
53.800000 
36.115663 
29.819464 
0.133545 
11.151729 
36.575250 
0.149220 
11.489945 
16.015327 
0.197012 
30.587102 
27.412642 
53.800000 
23.833383 
36.633116 
36.328670 
36.487345 
36.620950 
35.465889 
31.677929 
25.211267 
3.832275 
36.603199 
53.800000 
12.656660 
17.771626 
35.893541 
34.523519 
0.133364 
27.407550 
33.172506 
41.341860 
53.800000 
36.628450 
35.457952 
35.739962 
53.800000 
36.416587 
19.003884 
36.210166 
35.265444 
26.115731 
11.336431 
36.525310 
36.614370 
36.633350 
0.134418 
12.065014 
36.072513 
35.811382 
31.144892 
