23.871351 
25.484720 
3.551938 
40.007924 
38.455271 
31.558681 
7.296270 
30.696146 
36.187782 
16.677728 
9.444462 
28.939139 
17.920040 
18.764093 
7.902648 
13.900532 
7.306671 
41.259507 
35.147647 
40.619169 
20.212577 
36.852531 
22.111075 
4.394596 
40.080261 
36.720525 
35.785105 
30.954704 
24.037620 
35.711397 
36.603818 
5.350327 
37.062680 
22.681446 
40.555840 
17.498721 
17.567018 
6.071573 
5.007010 
9.353900 
9.192760 
8.308470 
39.292292 
31.500690 
26.667570 
23.666636 
35.153092 
10.024444 
22.332556 
30.796511 
6.243081 
29.977552 
30.758905 
47.933300 
35.401921 
39.312788 
9.772740 
8.538157 
35.767164 
34.951410 
14.735715 
40.664047 
17.018768 
5.334356 
38.271251 
25.960247 
26.086299 
22.885615 
31.743718 
38.325605 
22.229594 
8.266543 
36.343426 
8.067374 
4.388169 
6.373877 
40.838144 
23.050146 
7.322796 
8.624154 
12.497511 
6.845764 
25.541305 
20.596247 
14.367955 
42.207288 
41.944006 
35.695883 
40.113251 
40.080698 
26.226662 
23.811824 
4.022776 
38.501953 
27.663041 
8.342326 
6.979556 
21.683062 
18.556181 
12.798287 
41.516157 
15.651259 
47.933300 
31.222253 
40.219939 
44.099338 
31.815097 
7.278220 
18.336835 
6.706626 
35.620332 
16.701001 
33.852949 
25.174043 
41.155415 
16.076661 
40.646978 
16.177751 
7.075830 
9.735008 
47.933300 
12.894662 
