24.943588 
13.578737 
7.627020 
27.979196 
23.106485 
23.328255 
4.721773 
22.734947 
23.890567 
12.681118 
13.336969 
11.591684 
8.350378 
18.275908 
7.803573 
5.966488 
22.674841 
19.499953 
13.361960 
2.998459 
11.649672 
9.670680 
6.753823 
23.498840 
23.042108 
12.957007 
3.091636 
23.678372 
25.548731 
41.411758 
25.482040 
9.589360 
14.876896 
20.063935 
8.309461 
19.995829 
24.073819 
7.198179 
4.346187 
13.042321 
10.617914 
12.993326 
23.436749 
29.015320 
47.135732 
8.368500 
24.058023 
11.687081 
24.797163 
29.199375 
8.312705 
8.804484 
32.133914 
23.719090 
8.050666 
24.764632 
24.531778 
6.767956 
22.479815 
31.075415 
20.316454 
7.885579 
12.869814 
7.974423 
24.570432 
11.389830 
17.574703 
32.564230 
49.519243 
19.403225 
25.218562 
4.601340 
28.938246 
25.237166 
25.236338 
13.711678 
30.020267 
26.660222 
16.305720 
12.028071 
17.437439 
14.013306 
35.855906 
28.852740 
12.387679 
31.221288 
24.160049 
28.506147 
24.588101 
12.348824 
9.226824 
25.658786 
8.052723 
23.978034 
8.793948 
14.462307 
18.423470 
12.700351 
17.055296 
38.429893 
28.419447 
12.056650 
28.553331 
9.043881 
9.959153 
27.462465 
54.027326 
11.062592 
30.592677 
6.928316 
13.036745 
11.271068 
24.772241 
26.326263 
31.209931 
13.155308 
13.478556 
40.629104 
19.395042 
7.687784 
32.969855 
10.620303 
