14.500466 
9.522265 
5.799258 
16.884766 
8.761525 
14.981383 
4.355563 
16.453017 
17.216526 
20.520506 
10.787653 
19.405228 
9.288008 
13.405305 
6.736140 
8.999058 
9.077501 
11.275199 
13.523686 
4.530590 
9.727392 
10.127026 
8.891592 
18.596431 
6.110071 
10.615110 
4.792641 
12.464124 
23.602859 
22.150843 
20.585048 
15.745268 
10.430848 
12.220266 
3.337926 
10.093544 
12.037519 
6.048224 
5.266609 
13.366815 
9.675861 
6.872712 
12.077328 
24.439406 
23.228673 
8.891723 
16.227127 
13.979329 
20.042302 
21.967808 
6.033530 
14.524216 
28.398800 
17.610180 
4.652338 
14.927782 
27.085211 
11.185947 
12.564495 
19.909859 
12.035145 
5.515646 
11.233190 
7.093291 
18.785906 
10.739950 
14.993383 
23.059261 
20.225399 
11.897220 
21.945777 
6.138584 
33.961033 
20.133421 
13.875294 
17.582650 
18.866217 
36.146604 
11.357663 
12.925468 
14.898371 
17.384630 
25.516583 
21.819971 
8.941370 
13.756206 
15.125197 
14.819535 
8.709045 
14.589986 
15.512241 
21.445835 
7.140143 
12.816685 
17.868512 
13.012715 
24.134832 
17.819730 
12.806075 
23.334468 
34.557837 
11.249278 
33.688751 
12.363327 
6.338168 
26.178782 
23.855246 
11.164906 
18.390183 
7.092818 
15.678135 
15.224787 
21.347528 
27.463874 
29.378488 
11.400708 
6.662986 
28.093885 
24.952720 
13.288959 
36.723882 
8.692730 
