23.069414 
24.146950 
15.075601 
7.055799 
0.000000 
0.078234 
0.000000 
13.474990 
9.740318 
9.876991 
10.155631 
17.409916 
12.724443 
55.400000 
15.464025 
8.358486 
20.973943 
0.000000 
8.122190 
0.000000 
14.580111 
24.680674 
11.730338 
29.652400 
26.651935 
25.281153 
0.000000 
8.844585 
17.828038 
27.561786 
27.692502 
0.000000 
0.000000 
14.373347 
0.000000 
16.005659 
10.116695 
7.021331 
6.515401 
7.083684 
13.650472 
11.534707 
25.052838 
23.600357 
20.138377 
26.220155 
10.822313 
8.292949 
23.170891 
12.970355 
13.187355 
17.815074 
40.704802 
55.400000 
8.720947 
27.337173 
6.843937 
5.223118 
27.361084 
27.575462 
13.511075 
0.000000 
37.751376 
18.082482 
17.351542 
14.503313 
15.196832 
12.121720 
25.161195 
28.199952 
15.077831 
11.176416 
12.471242 
13.137792 
8.002397 
7.727500 
13.418464 
55.400000 
13.033235 
55.400000 
15.993116 
7.916531 
31.883623 
11.682955 
11.466060 
0.000000 
39.705425 
9.377705 
23.693232 
41.602344 
21.182443 
14.706321 
24.738300 
29.007572 
5.948459 
14.548245 
55.400000 
10.210935 
16.403673 
9.728127 
15.918839 
13.448851 
8.076680 
7.879299 
28.320273 
10.757793 
26.410221 
12.726630 
8.022888 
10.403573 
8.210927 
6.137649 
31.932182 
31.262104 
30.542891 
0.000000 
0.000000 
12.907695 
6.747343 
4.940864 
16.776288 
13.466824 
