23.429255 
22.078175 
22.752021 
31.399623 
31.357151 
30.518218 
10.256395 
23.135271 
27.234452 
28.063685 
32.544862 
21.379601 
22.918708 
23.011663 
22.030900 
22.999689 
28.641574 
12.669874 
22.559071 
9.833350 
23.035641 
22.584065 
21.244118 
27.613644 
24.096468 
24.223346 
9.845637 
22.766474 
25.593019 
29.125768 
24.378242 
33.350301 
10.702289 
24.251732 
9.833350 
23.596370 
22.860705 
22.819900 
21.857226 
22.992527 
22.584823 
27.295994 
25.144758 
24.854345 
29.034402 
21.951256 
32.311784 
23.621744 
28.923226 
32.819576 
28.865739 
22.037838 
22.400759 
9.833358 
24.243427 
30.636322 
26.414950 
22.674245 
23.734263 
22.204180 
27.527844 
9.833350 
22.006053 
22.668879 
28.661586 
22.942551 
23.302929 
25.677988 
24.175726 
22.744130 
27.378126 
21.341329 
27.331304 
30.498682 
26.947284 
26.182807 
32.582721 
22.882395 
31.304717 
22.422450 
23.219763 
26.197001 
28.141915 
23.736873 
22.800409 
9.833769 
25.926153 
24.055699 
24.574729 
22.773693 
21.806381 
25.578039 
22.506020 
23.102318 
26.796629 
28.712067 
23.183125 
24.717081 
23.773909 
29.687321 
29.985568 
23.179012 
31.442324 
21.343844 
22.655542 
26.688697 
23.203284 
25.204541 
33.135679 
22.855274 
31.824396 
26.225105 
30.643375 
24.069821 
27.367020 
14.491858 
9.833350 
33.628785 
31.807352 
23.932037 
17.416875 
22.507218 
