26.858610 
10.327288 
28.795371 
27.568977 
18.348928 
13.218039 
17.171458 
32.494416 
16.055946 
17.098114 
16.589592 
29.101311 
13.106898 
17.466192 
27.673191 
24.143822 
11.061015 
18.033003 
19.435501 
13.857220 
29.687100 
27.383380 
10.386018 
21.919654 
30.752922 
18.028698 
15.534001 
26.328073 
23.749130 
20.062375 
20.566372 
30.184918 
15.159953 
32.224728 
20.540271 
18.365359 
21.720604 
17.997020 
29.594873 
18.230151 
19.910122 
35.321200 
34.804759 
10.176370 
18.239220 
12.844649 
14.902044 
18.348871 
30.792758 
6.680726 
29.296500 
31.166196 
17.681608 
17.330556 
29.837291 
20.358094 
18.287547 
8.679766 
13.646523 
25.727188 
29.824358 
35.895086 
14.439819 
16.305142 
21.199573 
19.921249 
9.637045 
30.412480 
17.662468 
18.324279 
18.873341 
26.941457 
11.711120 
11.038090 
27.570498 
12.678892 
10.292846 
28.611732 
18.575893 
14.757211 
16.250729 
21.365722 
11.736923 
29.170816 
21.228297 
26.910638 
27.230692 
10.428275 
13.627088 
30.832143 
24.107906 
9.863804 
35.808326 
11.200482 
16.076228 
37.624714 
17.906913 
7.147942 
19.958897 
20.221556 
21.482410 
29.862676 
21.989157 
30.610598 
18.158401 
27.619017 
20.714269 
26.217311 
15.463694 
11.222639 
17.090071 
12.169420 
27.403592 
21.540672 
10.975507 
28.926818 
17.542197 
9.869888 
26.033225 
19.927531 
19.746303 
17.246177 
24.350232 
30.344890 
25.975430 
17.291204 
25.199645 
18.839474 
15.985907 
18.069950 
24.459882 
18.441920 
17.919575 
16.164086 
19.779955 
16.205839 
27.286686 
18.143139 
17.784021 
13.537169 
