42.891396 
37.715131 
42.588144 
40.694469 
40.116318 
41.376704 
39.176468 
42.078127 
41.296649 
37.700991 
37.842971 
44.128145 
41.183364 
37.805918 
28.381606 
43.340174 
49.000000 
43.039438 
39.901121 
37.879536 
42.331818 
41.183975 
42.383666 
41.683784 
42.274884 
29.155378 
41.339885 
42.232833 
43.674766 
43.054708 
39.627309 
43.009816 
41.528532 
42.218195 
43.293956 
43.992273 
41.710947 
40.240985 
44.063705 
40.175968 
39.751491 
40.878899 
41.410400 
41.017880 
46.520068 
42.113938 
41.735528 
41.054135 
43.970674 
41.665202 
45.842329 
41.368885 
40.799496 
41.108601 
42.895675 
45.141198 
42.032633 
37.522017 
39.205418 
42.211997 
44.948733 
41.542462 
41.406021 
42.194925 
43.145950 
37.752315 
48.547917 
42.701801 
46.431245 
39.320392 
42.285696 
42.591814 
39.925571 
42.371846 
43.645694 
43.849689 
44.779361 
41.786828 
42.857765 
42.303572 
37.130018 
39.061898 
32.321964 
42.707969 
45.250456 
42.021401 
43.636564 
40.866935 
40.157346 
43.251340 
40.253310 
43.096980 
39.026310 
40.088886 
40.197641 
40.754235 
38.169942 
42.423740 
45.451193 
38.936612 
41.793723 
42.801825 
39.680452 
45.237322 
40.622846 
42.475156 
40.756575 
40.085713 
41.430168 
42.038895 
43.454144 
42.424277 
44.022461 
40.433318 
43.593297 
43.893464 
40.308037 
43.204537 
39.295571 
39.597422 
37.069262 
37.954610 
40.526275 
43.960824 
42.539596 
38.409948 
40.820069 
47.810825 
41.794355 
42.471643 
41.225119 
42.798853 
38.696725 
41.543749 
42.639103 
42.732282 
41.880643 
37.924388 
41.863251 
42.102694 
