26.870488 
21.989653 
23.984536 
25.394791 
32.527739 
24.226517 
24.441053 
23.469965 
32.121146 
25.229447 
26.656085 
13.001163 
31.479722 
25.221720 
14.539328 
32.114987 
26.975779 
10.733160 
29.216910 
22.984920 
25.116525 
26.341382 
32.073750 
32.678780 
23.267437 
28.779608 
31.586788 
31.844736 
25.400329 
28.683138 
24.103251 
24.105547 
28.752275 
24.222316 
32.026620 
23.686148 
23.595597 
23.373403 
24.052839 
23.586324 
32.335376 
27.916227 
23.629214 
26.036156 
26.430153 
32.576853 
30.117663 
31.603528 
23.587675 
29.225651 
22.852385 
23.291636 
31.797056 
31.257380 
25.965485 
27.135219 
25.984140 
9.833350 
31.032336 
23.400922 
22.878410 
24.697337 
31.491371 
30.710157 
33.256988 
22.972749 
27.287260 
22.891779 
23.581723 
23.668528 
29.202572 
12.051370 
33.549004 
27.880855 
30.538720 
28.180555 
23.807472 
23.683667 
30.945331 
24.610829 
10.570550 
28.126115 
9.833682 
23.614472 
23.722819 
28.755759 
23.648503 
33.001911 
31.482732 
27.426968 
24.160125 
12.709434 
23.249012 
28.328147 
29.863639 
23.069041 
22.751027 
30.720186 
29.903880 
22.543640 
31.043855 
25.907523 
27.467844 
24.429135 
24.374162 
29.247785 
31.325937 
27.189484 
25.924091 
32.100962 
26.198974 
26.321992 
28.535683 
30.180510 
24.043178 
23.049100 
29.078963 
32.782010 
24.248611 
25.946816 
21.473276 
23.835255 
27.060776 
26.673311 
27.719150 
24.704613 
28.498021 
26.459771 
31.400120 
28.052933 
26.179142 
32.636101 
22.001717 
28.328076 
23.531538 
31.872305 
24.062397 
25.730705 
27.126171 
31.515982 
