33.536780 
27.865702 
32.237734 
38.273429 
37.789874 
31.953217 
34.511627 
36.741450 
35.841678 
34.106145 
35.174124 
36.710037 
35.346654 
36.269794 
35.148658 
35.117760 
26.954295 
36.785761 
34.840791 
36.812969 
35.530087 
33.744681 
34.347723 
34.857015 
34.580067 
32.863551 
35.243012 
35.210358 
41.533300 
36.220400 
32.582914 
33.705253 
36.040826 
35.399287 
37.022616 
34.424412 
34.325850 
31.862293 
35.370111 
33.689032 
38.967144 
27.833193 
35.775036 
27.444370 
37.090019 
35.674033 
36.010765 
34.914808 
34.539370 
33.825956 
35.464962 
33.533223 
36.180609 
40.223212 
32.917738 
37.895232 
32.632704 
36.824026 
36.307132 
36.151660 
33.371167 
33.854266 
35.941422 
36.079691 
35.926965 
31.597497 
34.497825 
33.137474 
37.369356 
34.507030 
32.597892 
35.469408 
36.430377 
32.474956 
34.528790 
31.304642 
30.209654 
34.483629 
35.149729 
32.278131 
33.768444 
36.458396 
35.477865 
32.709756 
37.191477 
35.096945 
34.408664 
36.165244 
35.376109 
35.246675 
34.218497 
36.264356 
27.955760 
34.407288 
35.289267 
35.830710 
35.666743 
31.834071 
34.356637 
27.794824 
34.752028 
34.686961 
37.705388 
36.299817 
35.667085 
35.705569 
36.182091 
34.162095 
34.587194 
35.893055 
33.941907 
32.196734 
41.193582 
36.717085 
33.489527 
32.146308 
35.087510 
34.549955 
33.144551 
33.423129 
32.519942 
36.532879 
36.626536 
33.469091 
33.573535 
36.419992 
33.843517 
36.344096 
35.201501 
34.725043 
35.100221 
37.352363 
32.822772 
34.768707 
35.782467 
35.682881 
34.852399 
34.924206 
34.110414 
35.577657 
