14.776495 
47.675026 
13.432377 
10.650999 
15.834409 
35.223116 
14.335467 
9.274231 
53.800000 
53.800000 
40.753121 
36.461299 
53.800000 
53.800000 
35.474537 
10.480695 
0.133337 
36.598750 
36.143853 
36.719110 
12.188715 
14.120567 
0.198755 
15.070705 
18.202992 
14.740202 
35.328117 
11.749722 
13.032750 
12.793995 
12.422050 
15.714350 
36.595769 
15.677923 
36.508011 
26.124474 
26.737813 
0.146415 
17.261731 
53.800000 
53.800000 
0.133334 
0.133341 
32.190090 
35.379447 
41.825766 
35.344938 
0.134136 
11.509328 
0.199992 
11.380998 
11.811832 
53.800000 
11.429975 
14.039073 
35.634805 
14.590581 
36.633350 
12.372171 
30.735575 
27.055663 
0.137102 
41.710695 
36.175314 
35.948781 
35.903991 
37.069768 
0.226171 
35.129566 
11.383891 
0.200063 
36.220547 
36.018427 
35.347803 
18.382345 
36.520470 
35.689813 
15.886251 
53.800000 
53.800000 
36.514710 
29.468561 
36.632799 
11.163226 
35.541928 
15.589376 
27.321498 
0.135125 
36.273051 
7.956451 
30.506763 
36.610453 
0.247993 
36.178019 
35.386511 
0.138089 
53.800000 
34.130758 
35.865959 
17.475385 
33.089549 
13.626654 
30.953294 
32.922626 
26.591836 
27.787807 
0.260931 
0.133846 
36.256596 
37.005697 
31.267422 
36.260923 
20.870631 
14.649986 
29.206817 
13.950098 
53.800000 
53.800000 
10.498503 
25.171405 
15.676818 
36.057134 
29.638118 
13.971698 
18.297485 
53.800000 
14.559913 
53.800000 
35.930008 
53.800000 
31.498191 
16.282825 
34.819670 
36.329623 
35.739494 
36.529077 
29.724263 
53.800000 
53.800000 
41.439854 
