12.245411 
16.307927 
10.626550 
22.262119 
16.692936 
5.492404 
11.624921 
26.696251 
14.532332 
34.185054 
7.623262 
43.412987 
7.553754 
7.385122 
38.701858 
11.134226 
3.037134 
47.933300 
5.227579 
36.898766 
20.831889 
14.349982 
5.583615 
7.177103 
27.727684 
3.128113 
7.562677 
10.634875 
15.486998 
21.128626 
27.247271 
21.764459 
42.265434 
24.223241 
42.865001 
23.206349 
29.914710 
7.515959 
26.205106 
25.181504 
33.744684 
4.725777 
21.413323 
4.226734 
29.154372 
8.029530 
33.587206 
15.227292 
25.898740 
2.830397 
24.283278 
27.308247 
13.401271 
25.166989 
18.639738 
31.277813 
11.602329 
41.771371 
6.828843 
26.083009 
23.835377 
16.343834 
11.176513 
32.675135 
47.933300 
26.120191 
17.557209 
24.820556 
32.470361 
9.488884 
19.178951 
47.933300 
7.153506 
4.355070 
47.933300 
11.704125 
10.165455 
25.151575 
26.733949 
8.239812 
44.529989 
32.694025 
47.933300 
16.210273 
27.459535 
35.870366 
31.394728 
7.313432 
5.549990 
25.917942 
14.231771 
44.209943 
18.344923 
5.504741 
33.368611 
2.862616 
27.283173 
4.189594 
17.292215 
14.008378 
8.101214 
24.574015 
34.039219 
38.246016 
13.752944 
37.725617 
21.487719 
14.770898 
47.933300 
8.164125 
16.074120 
9.441375 
20.667472 
12.438981 
18.735440 
32.551305 
30.981908 
10.277384 
8.227001 
9.674757 
30.747541 
35.541820 
34.654070 
34.989693 
44.751490 
23.963192 
7.488166 
27.150182 
8.555605 
13.751317 
34.983271 
17.014944 
27.321905 
47.933300 
31.688287 
46.473769 
43.578846 
8.372439 
17.938011 
22.798194 
