26.298384 
5.721253 
16.223453 
24.227976 
18.026503 
14.579600 
32.292491 
37.990545 
35.030379 
25.274709 
21.986552 
31.598696 
18.492279 
17.699263 
16.027647 
28.401169 
36.902246 
17.714324 
34.980739 
12.914775 
36.474233 
18.058018 
14.618716 
33.611829 
35.952034 
24.730484 
34.892175 
35.114382 
16.740468 
23.264165 
25.881968 
35.240164 
18.663365 
39.251352 
17.269399 
21.204311 
25.232687 
22.923745 
35.387691 
24.389729 
22.812034 
40.364664 
41.178098 
9.526048 
21.441607 
18.043963 
21.660202 
23.445384 
31.438544 
10.337794 
34.886974 
30.719375 
20.758981 
16.336059 
25.911541 
31.629716 
20.033140 
9.816525 
22.914583 
32.431903 
33.667741 
36.095760 
21.723764 
29.592652 
17.675736 
15.860791 
13.374938 
37.146402 
15.974823 
13.800680 
22.654224 
33.751736 
19.417629 
13.716374 
30.109378 
15.011492 
13.041094 
26.239633 
25.552143 
17.860002 
14.616501 
25.865076 
14.752563 
36.025493 
15.911975 
29.893512 
34.198859 
16.424595 
36.061854 
36.887417 
32.345048 
14.341630 
39.093890 
36.444717 
34.867315 
37.435626 
19.911673 
14.631882 
24.617159 
13.591001 
24.563985 
36.079653 
18.806302 
27.001657 
20.527031 
34.635418 
30.852496 
36.597910 
25.965250 
15.318241 
19.414820 
13.785837 
18.086346 
28.251534 
16.235626 
24.023907 
25.527231 
14.569007 
35.976041 
23.391305 
16.683638 
16.582496 
20.314112 
38.172018 
27.268816 
23.986227 
23.480632 
23.843400 
23.854895 
21.081709 
35.578061 
22.497364 
23.989784 
21.483004 
17.882839 
18.906755 
24.127832 
27.626485 
25.085917 
19.915927 
