29.457357 
5.062398 
22.330543 
26.722696 
21.806321 
12.296634 
17.389881 
32.502696 
32.860404 
24.262225 
21.316455 
36.079883 
17.045610 
18.687019 
18.697030 
26.041941 
7.070986 
31.746755 
33.632632 
13.986755 
45.005449 
17.853687 
16.180394 
35.216339 
53.960425 
12.976285 
32.210493 
35.104417 
25.473795 
20.977192 
32.471413 
33.516032 
18.734053 
41.571319 
18.946050 
25.436507 
24.324470 
26.218789 
32.970682 
24.109113 
27.761460 
36.122655 
47.868643 
6.331958 
19.802791 
21.799554 
16.680976 
34.116323 
34.033840 
6.131813 
24.368223 
31.781438 
23.376360 
15.441923 
23.717872 
33.226938 
23.746785 
10.910741 
27.352420 
28.906002 
24.710379 
26.810878 
25.006242 
27.979996 
32.225741 
12.872966 
12.614976 
22.858649 
15.243791 
21.216247 
32.354289 
36.234107 
30.335820 
13.163034 
35.581765 
14.409511 
7.741262 
27.916784 
26.247763 
16.086762 
16.155211 
27.563200 
12.010643 
40.918516 
18.646739 
32.236103 
38.047031 
20.607202 
35.127116 
33.660757 
32.867088 
11.226370 
22.982661 
33.391893 
31.871519 
10.703317 
20.196646 
7.142424 
30.920375 
17.675903 
28.860441 
32.723922 
23.902597 
24.358261 
17.444680 
36.314662 
29.439341 
36.647201 
29.351357 
16.190027 
21.955122 
12.384527 
30.480853 
28.245050 
21.583646 
18.902710 
25.889516 
18.296385 
23.434630 
28.559581 
23.771474 
17.222917 
23.570448 
36.032073 
29.047862 
24.217044 
31.563429 
33.537813 
24.465470 
20.785413 
21.575777 
26.735097 
25.424542 
23.908359 
22.788831 
33.222271 
25.291943 
24.782525 
25.074149 
24.823115 
