26.249947 
3.306610 
13.118540 
37.012160 
51.182655 
7.662723 
23.673517 
32.393859 
31.488847 
23.777882 
14.387255 
31.008037 
19.660266 
17.707357 
22.740230 
44.404141 
26.944283 
30.133663 
22.468784 
17.896995 
32.656428 
17.979336 
17.170080 
27.560452 
32.500426 
24.147235 
29.107534 
29.194568 
28.052087 
34.363295 
30.255695 
29.415395 
20.243909 
29.444747 
32.038846 
31.499323 
23.712098 
18.231434 
29.713317 
18.871447 
42.529372 
37.294444 
40.451416 
18.082759 
35.243939 
18.744616 
28.734216 
37.222568 
35.715512 
8.438301 
34.130896 
29.669233 
23.675761 
63.292542 
22.495337 
38.364949 
24.283480 
12.231581 
26.626529 
29.754590 
27.426204 
10.995236 
28.772710 
29.951305 
24.575818 
10.835902 
12.639465 
26.977461 
51.535545 
17.142133 
31.891141 
30.073907 
29.087217 
8.226520 
29.797527 
23.480029 
6.668267 
31.757809 
26.269324 
10.416947 
9.621590 
30.830659 
21.952727 
27.782385 
28.316003 
29.694522 
29.393591 
31.094018 
36.772114 
30.733730 
26.281985 
12.818612 
10.133794 
37.403602 
29.143118 
7.465676 
18.946783 
10.255666 
26.123944 
10.704762 
23.541253 
26.546534 
54.268038 
26.726486 
26.039770 
32.297080 
38.765020 
31.946915 
12.492546 
19.182774 
30.339024 
8.926452 
29.615951 
32.488156 
31.428969 
11.788727 
31.940346 
14.319798 
23.991854 
26.402832 
25.308498 
18.139288 
30.238078 
28.264195 
22.812531 
26.712827 
19.159527 
38.180295 
21.009362 
11.927513 
26.045274 
33.993686 
30.172205 
22.838687 
28.684267 
30.561579 
22.634973 
18.885572 
24.296655 
26.271828 
