16.192625 
5.572533 
15.434106 
27.407620 
28.164140 
3.799397 
17.717764 
23.699789 
5.434742 
15.840950 
2.341259 
55.400000 
13.309594 
11.894343 
14.750216 
14.966164 
5.959938 
0.000000 
4.460976 
3.496517 
19.269733 
45.933207 
11.196151 
9.364004 
53.196289 
13.190973 
5.339509 
16.904245 
13.077798 
24.255069 
49.495436 
17.615716 
0.000000 
55.400000 
15.128734 
14.361260 
17.906093 
4.998580 
18.929734 
12.624630 
28.930251 
9.581338 
26.598258 
9.251744 
16.299447 
0.052962 
13.111427 
12.890096 
44.277383 
6.700480 
55.400000 
23.125974 
15.108903 
21.599963 
48.203259 
16.423886 
14.060185 
0.000000 
22.733706 
14.044568 
16.314907 
5.085723 
10.175242 
3.772416 
10.135607 
18.428809 
13.013013 
17.830926 
19.756097 
13.910822 
5.767611 
55.400000 
9.943399 
5.143014 
55.400000 
12.116613 
6.215140 
21.751070 
10.744346 
6.842055 
32.620153 
23.635877 
0.000000 
54.806307 
14.407296 
29.072974 
55.400000 
12.055090 
8.209402 
15.950061 
5.870183 
0.000000 
26.413723 
6.463581 
6.417500 
4.544082 
20.639378 
5.793545 
10.581475 
6.095890 
7.128325 
15.129206 
30.807769 
21.302537 
13.202075 
37.196737 
19.668352 
6.624354 
0.469950 
4.541678 
12.258463 
7.051320 
17.019227 
14.843344 
14.277630 
55.400000 
13.968789 
8.572067 
13.721052 
10.546978 
34.626207 
9.100505 
28.427944 
31.651110 
45.166440 
6.330760 
12.434587 
15.330455 
0.000000 
6.709472 
14.752300 
17.712161 
19.030405 
0.000000 
16.280749 
13.841658 
55.400000 
5.593674 
7.821432 
9.948905 
