4.052142 
13.178561 
14.316413 
7.623389 
4.673373 
7.051441 
17.406001 
16.881156 
28.049209 
50.118000 
34.590776 
25.442479 
15.219392 
55.908888 
24.809511 
29.340880 
22.839935 
21.998827 
14.458581 
34.391408 
13.386684 
16.930756 
24.496241 
10.133495 
6.732368 
29.051046 
6.362090 
22.919754 
25.190382 
26.000499 
21.547516 
23.414820 
7.076386 
31.537313 
23.500168 
8.462583 
27.731207 
28.495369 
26.431372 
8.283530 
33.855513 
31.017246 
15.167981 
10.760146 
20.767262 
7.635427 
50.008193 
11.503495 
14.578081 
12.503072 
7.886539 
26.576607 
8.820562 
33.798039 
26.690782 
22.321727 
20.193028 
35.839763 
26.079730 
6.428707 
30.247794 
12.705857 
11.209744 
61.309113 
11.891978 
32.028131 
32.793755 
20.526948 
22.389114 
33.993390 
34.979841 
10.325002 
24.306335 
17.026233 
59.102753 
9.343147 
8.364029 
28.931698 
11.062931 
8.409865 
19.847556 
29.445672 
12.672136 
13.913116 
3.225379 
11.819459 
8.502068 
18.287426 
25.021681 
2.638157 
23.854100 
31.683030 
26.847905 
29.313421 
9.146033 
12.050298 
26.085053 
7.859888 
34.085128 
18.112663 
24.485302 
7.963729 
28.112309 
33.005177 
18.241758 
9.188794 
28.605013 
23.404459 
27.193381 
19.867591 
26.767647 
16.915392 
30.096088 
27.356786 
6.416492 
7.761068 
6.861831 
37.174250 
7.640581 
29.590591 
12.706584 
22.236183 
12.313845 
22.766869 
7.422994 
8.086972 
14.344304 
26.093244 
24.102751 
12.295144 
22.248939 
11.170500 
8.741006 
32.351780 
13.851913 
8.378834 
22.472271 
33.807199 
7.199094 
30.830581 
32.614501 
31.337484 
28.718548 
12.737956 
30.749654 
30.536905 
2.941293 
12.534545 
22.792684 
20.663000 
57.746316 
31.889355 
23.838263 
26.518625 
31.596575 
20.128143 
30.144423 
10.239995 
20.478034 
5.702522 
22.885780 
30.042324 
9.122578 
38.150151 
28.064786 
36.185208 
13.285489 
2.500385 
2.400286 
23.246924 
22.113807 
23.839620 
11.594566 
16.622086 
9.155612 
20.716016 
25.767290 
22.314596 
31.022711 
37.771112 
23.534093 
31.222560 
10.712622 
34.052165 
10.738528 
26.810857 
28.109155 
24.474612 
28.932626 
21.769741 
27.110664 
9.576173 
22.824453 
7.549201 
28.985501 
10.549610 
12.640955 
23.740858 
21.963932 
29.269277 
29.447821 
49.757535 
25.348318 
13.759706 
22.982058 
61.325319 
11.439761 
31.165247 
22.482024 
51.477961 
9.925345 
9.605795 
37.597444 
8.895223 
30.381992 
29.089226 
17.173079 
13.463436 
23.756179 
26.756736 
35.094856 
29.250174 
28.908119 
26.841984 
15.496526 
29.665177 
9.622121 
31.139173 
6.470941 
9.587344 
31.822397 
27.716678 
23.066517 
25.268940 
9.646387 
26.058878 
28.425124 
8.271743 
24.141038 
21.494476 
12.025637 
32.889440 
24.122211 
23.886284 
42.903256 
31.958151 
24.885353 
31.905742 
30.999208 
27.812446 
27.074794 
14.110462 
28.109509 
32.788487 
8.319659 
26.458676 
8.788434 
24.067034 
2.659627 
27.963585 
24.311777 
24.371068 
13.431639 
7.421226 
28.868683 
18.886616 
13.232150 
12.005627 
30.412249 
53.093738 
30.829320 
30.913649 
15.171265 
18.801567 
11.273648 
15.073099 
31.285420 
35.997963 
22.930202 
2.388224 
32.470546 
32.102068 
12.579051 
29.685039 
29.981276 
14.592441 
24.771352 
26.578180 
10.125478 
30.840751 
8.107526 
22.345816 
32.428524 
12.683264 
6.168842 
23.030090 
24.911703 
33.994400 
30.643482 
44.815892 
24.233962 
30.357991 
27.508819 
30.011950 
31.752486 
29.360034 
8.563912 
29.022241 
30.806310 
62.902504 
30.891215 
23.252632 
26.258362 
31.424148 
32.713497 
17.042186 
9.285827 
8.832604 
25.312368 
26.912372 
10.620239 
23.410113 
10.122783 
23.003405 
29.463719 
31.126900 
24.007471 
11.879352 
30.510748 
17.180280 
28.124216 
25.779767 
27.318847 
32.378864 
12.798114 
30.088156 
2.036225 
21.022984 
61.803065 
23.388046 
37.029312 
29.993310 
27.470230 
22.490867 
29.432618 
13.327503 
32.284454 
14.676144 
9.432771 
13.599529 
29.224070 
30.833509 
10.388716 
20.984268 
31.786265 
25.632788 
62.737916 
21.069845 
7.804520 
29.235525 
29.106615 
10.348552 
34.979112 
26.967867 
33.313783 
24.953439 
21.457990 
24.511809 
11.795873 
26.139402 
12.867546 
14.113656 
53.278351 
36.166144 
25.231336 
19.875191 
8.027159 
29.092459 
24.054283 
5.985198 
29.104895 
10.282804 
50.105290 
8.628702 
11.258228 
8.036236 
5.424684 
31.969066 
22.479458 
27.663010 
36.930449 
37.426916 
9.463235 
29.564104 
13.603426 
12.823064 
38.472420 
7.838871 
27.241765 
23.200702 
28.846850 
61.910232 
8.127897 
30.653399 
29.604455 
5.540392 
32.706742 
24.872657 
32.535131 
32.787516 
10.245955 
27.240699 
6.856507 
1.899160 
32.587172 
28.876805 
12.465456 
33.433397 
25.752408 
29.483958 
32.851415 
11.122656 
5.457674 
21.416744 
26.544671 
32.926532 
31.914786 
23.964894 
20.248582 
29.291727 
28.755981 
30.119269 
27.810860 
3.372826 
23.893943 
31.320321 
40.596118 
9.893246 
32.309705 
8.053159 
29.896168 
12.108400 
30.268458 
28.869126 
27.839342 
25.950070 
30.619495 
41.167196 
48.141768 
31.367969 
11.855960 
10.033799 
27.389089 
31.853970 
1.980160 
9.085931 
13.813278 
25.266297 
15.068770 
17.524552 
31.010203 
11.229058 
10.935008 
23.316558 
31.468787 
7.736111 
46.697764 
21.658434 
33.440030 
18.397846 
27.278868 
12.048086 
27.497539 
63.218300 
19.266547 
7.929854 
25.361918 
5.596972 
29.621373 
13.797809 
28.286612 
24.836681 
12.366172 
8.703098 
22.469923 
6.189770 
7.297523 
23.867402 
30.786318 
22.186400 
28.446892 
35.962614 
11.661788 
29.936175 
23.885703 
28.344159 
24.445951 
25.127769 
10.460497 
32.631506 
26.595059 
10.537681 
30.516459 
26.978823 
34.994370 
25.488832 
22.407526 
27.181608 
40.610518 
29.621123 
8.684077 
31.230792 
32.070623 
35.198370 
22.561606 
23.873244 
30.959115 
22.417913 
29.485279 
30.181797 
2.060954 
9.907507 
7.922769 
8.182679 
24.360863 
44.588275 
24.031132 
22.591276 
23.967198 
20.297596 
32.204783 
22.178244 
28.185102 
6.305425 
12.939016 
24.872401 
33.240993 
6.978286 
23.807763 
29.180198 
9.456347 
28.847750 
12.747667 
27.167395 
23.115029 
36.306546 
8.674018 
5.914543 
5.583505 
23.861182 
2.532378 
28.496093 
17.140508 
2.548539 
62.355031 
25.697180 
27.539677 
30.079834 
2.170976 
31.374657 
15.308001 
32.427008 
37.088248 
12.442141 
13.004974 
29.988090 
9.452118 
24.580276 
13.367307 
10.500641 
27.399722 
7.991591 
27.108244 
11.438391 
29.005778 
9.266713 
7.058331 
6.616503 
29.575763 
6.812713 
28.083455 
24.457396 
3.714753 
19.674689 
36.057187 
8.801792 
32.012701 
8.200497 
11.543613 
2.633994 
22.510199 
8.594207 
37.441329 
24.919521 
10.680614 
30.856241 
12.336635 
24.472119 
32.081254 
38.850157 
8.178921 
3.220975 
3.017294 
27.261557 
32.722575 
31.320517 
18.235594 
25.887859 
7.831101 
33.885307 
19.447879 
7.857815 
32.100861 
8.351858 
22.328479 
8.809882 
12.393296 
23.664568 
17.655189 
13.383260 
29.563100 
2.417114 
20.822062 
35.494822 
43.752883 
36.895799 
30.647646 
24.965681 
23.386848 
9.944106 
9.725920 
13.614837 
22.533167 
2.433695 
29.384629 
61.339684 
14.352647 
3.131457 
19.302008 
21.863761 
17.438626 
30.418610 
9.833832 
8.679483 
4.106457 
24.765825 
2.113697 
12.779760 
32.113587 
8.052231 
6.656261 
7.716645 
8.070032 
44.912529 
7.891415 
9.665639 
8.119890 
6.138255 
30.394078 
7.752476 
11.534491 
8.543796 
33.037328 
31.709546 
15.052101 
43.836775 
23.723779 
27.770781 
8.609007 
30.898664 
25.898224 
25.870771 
12.116047 
23.905662 
8.122734 
15.285325 
17.636748 
7.840324 
30.348086 
20.231499 
26.252969 
7.085373 
28.767358 
10.504625 
31.844570 
23.031646 
22.640511 
7.673330 
31.465156 
31.613785 
25.396452 
8.391359 
25.244977 
23.588348 
18.748127 
22.792250 
13.637900 
61.892656 
31.623347 
11.931011 
8.040478 
8.000858 
36.303706 
10.371412 
27.035003 
23.796678 
26.432317 
20.393115 
6.642617 
30.784245 
5.275848 
11.452424 
38.663853 
13.408919 
29.365544 
8.225805 
36.834141 
9.591222 
33.546936 
31.709265 
31.867519 
24.789589 
34.201594 
10.945660 
24.429613 
10.303973 
61.371827 
31.780442 
28.993479 
10.276674 
7.080026 
24.493215 
16.992176 
50.239595 
13.488327 
23.297846 
16.925816 
6.455063 
23.285421 
12.143772 
29.734709 
35.794270 
27.713156 
12.656751 
13.429031 
20.878632 
21.664669 
31.517238 
2.189975 
27.618595 
17.585069 
12.726464 
11.003457 
23.416904 
27.760632 
7.596039 
38.087707 
13.935290 
6.114727 
31.005148 
10.567052 
23.546651 
8.584371 
21.294162 
42.351191 
13.794837 
23.479731 
9.160685 
8.501812 
15.203539 
24.453663 
28.547755 
19.124131 
23.057080 
24.079462 
12.798338 
13.453087 
20.319983 
29.120659 
17.103499 
30.945731 
14.226433 
24.494232 
23.688007 
7.182945 
7.351694 
2.561479 
16.103616 
2.919961 
23.679495 
19.364654 
7.016452 
27.868471 
17.502540 
27.684652 
29.002333 
30.374270 
3.125267 
33.184967 
15.549822 
3.228773 
28.015572 
26.454815 
40.194089 
28.916143 
36.349620 
12.352165 
30.311320 
2.910504 
49.815298 
5.935181 
14.137767 
12.661699 
7.080928 
34.164859 
11.782799 
23.168981 
10.441216 
14.349631 
9.919870 
24.124301 
10.812771 
16.569794 
34.409452 
8.968092 
7.784183 
7.992820 
47.921723 
27.406373 
22.566102 
32.768165 
29.367106 
2.749674 
7.757691 
16.106278 
27.294617 
10.913053 
11.091586 
27.116093 
30.213920 
20.488330 
11.473995 
7.533230 
8.721477 
24.102724 
22.972879 
31.673587 
27.591609 
53.498748 
27.219011 
48.201746 
26.298569 
24.622776 
17.837231 
31.992364 
11.521501 
12.975874 
30.275273 
32.258092 
19.984218 
48.225408 
6.696531 
28.862671 
34.814868 
2.736397 
23.640938 
62.152781 
11.715060 
27.073231 
31.700582 
7.743714 
25.030964 
33.035964 
23.162566 
8.588039 
61.196331 
23.667959 
8.104931 
25.743881 
30.394428 
30.144549 
13.774507 
22.415013 
31.454343 
30.737846 
28.069682 
11.098838 
11.463517 
27.496079 
6.472664 
23.324909 
7.885657 
31.083040 
24.039757 
8.382248 
50.444105 
10.337997 
11.146584 
31.519794 
23.535671 
32.946537 
25.140032 
15.453326 
28.461923 
23.731755 
33.348128 
26.270874 
22.482610 
22.927571 
25.478605 
31.785363 
51.636567 
11.600428 
6.041987 
31.070033 
16.427014 
55.406969 
31.809810 
11.063932 
24.284228 
40.360782 
38.917778 
8.678636 
11.780801 
6.715002 
30.111402 
30.483737 
25.671888 
12.046229 
17.756057 
29.449141 
11.468972 
28.260616 
24.915273 
7.651817 
25.406474 
13.683128 
29.592076 
2.836681 
9.086529 
39.615767 
13.537264 
13.973555 
18.868686 
5.326197 
26.180642 
28.969873 
14.924632 
8.629196 
21.069017 
40.776374 
30.615916 
2.275405 
25.150132 
8.585370 
8.318714 
32.086757 
52.425768 
23.983649 
40.075384 
49.070836 
31.407071 
32.190090 
24.936706 
25.412192 
8.284809 
5.874655 
35.087343 
13.595542 
23.226289 
11.163317 
31.822013 
37.688626 
32.408569 
32.031489 
3.395836 
23.582382 
30.592338 
2.143778 
30.154062 
27.499084 
15.861206 
13.250855 
7.891902 
47.726916 
62.118270 
7.773460 
26.922874 
23.489472 
15.533038 
22.449104 
13.881184 
46.972568 
12.946935 
25.611670 
8.043138 
30.357984 
21.818026 
9.425045 
