0.000000 
9.070862 
55.400000 
6.387134 
0.000000 
2.805848 
55.400000 
13.076289 
55.400000 
20.441246 
15.971958 
10.019980 
29.301321 
23.546381 
29.070357 
4.784278 
31.216931 
17.493171 
12.477858 
33.023229 
12.542170 
7.835764 
6.602441 
14.139888 
0.000000 
5.641230 
4.628281 
16.725568 
26.553456 
55.400000 
20.472793 
14.824247 
55.400000 
26.463188 
10.735686 
6.026053 
29.985646 
27.729997 
11.402942 
22.851679 
18.564043 
14.388709 
0.000000 
6.620874 
15.869263 
10.600675 
0.000000 
5.449339 
13.119340 
55.400000 
0.000000 
14.170656 
8.703073 
6.545019 
29.234531 
14.733412 
9.943191 
52.716482 
7.205983 
4.455159 
6.847128 
6.317539 
0.000000 
0.000000 
17.375206 
6.396686 
17.497975 
15.847816 
2.672236 
13.877505 
43.217820 
9.604905 
12.769316 
23.611803 
29.129589 
10.596465 
5.044973 
55.400000 
7.014871 
4.796265 
13.916449 
18.704255 
5.280880 
55.400000 
0.000000 
6.928790 
15.939858 
14.705618 
0.000000 
0.000000 
19.329543 
26.987024 
22.790156 
13.338865 
11.130016 
3.594984 
35.790391 
30.839595 
55.400000 
16.634307 
14.505564 
0.000000 
14.938829 
14.905771 
21.760992 
6.404989 
55.400000 
10.220460 
24.528722 
28.723119 
55.400000 
55.400000 
0.000000 
47.361066 
11.195924 
0.000000 
5.592802 
14.048826 
5.161199 
55.400000 
0.000000 
16.667587 
4.777687 
13.822017 
12.402800 
12.721865 
14.418497 
2.273173 
13.454682 
10.074219 
12.433279 
32.419831 
3.995656 
55.400000 
24.004944 
0.000000 
14.440045 
55.400000 
21.946065 
9.723172 
14.299459 
12.845314 
11.542283 
22.242378 
18.831974 
13.459723 
0.000000 
4.716473 
0.000000 
48.241773 
0.000000 
6.859170 
21.412459 
55.400000 
11.702868 
0.000000 
37.407146 
5.551882 
8.897092 
5.500951 
0.000000 
29.698274 
6.598869 
55.400000 
10.600185 
18.291751 
12.189517 
0.000000 
0.000000 
0.000000 
6.880948 
55.400000 
10.996394 
6.684873 
5.870393 
15.207763 
6.384374 
13.990430 
22.120416 
6.703328 
55.400000 
17.265500 
5.976558 
10.365668 
8.803550 
22.131365 
30.494349 
11.071444 
17.105799 
47.725855 
13.572907 
0.000000 
25.735475 
0.000000 
0.000000 
38.889678 
16.233940 
0.000000 
15.067430 
12.297069 
13.243227 
0.000000 
8.120109 
0.000000 
37.599647 
15.824859 
0.000000 
46.839709 
10.979057 
0.000000 
1.679432 
9.581892 
10.808409 
6.963234 
0.000000 
21.194861 
8.662649 
11.995799 
12.381986 
16.559207 
7.970667 
12.975700 
0.000000 
14.184093 
55.400000 
55.400000 
20.416094 
55.400000 
3.109645 
5.085691 
0.000000 
14.831150 
43.436932 
9.605555 
6.878951 
13.383066 
11.794645 
9.142145 
5.678370 
6.136633 
0.000000 
10.999474 
0.000000 
55.400000 
18.213272 
55.400000 
32.877901 
19.792666 
12.878026 
20.076498 
0.494701 
10.437809 
12.487442 
13.845402 
2.886772 
18.714728 
16.322132 
10.038147 
0.000000 
55.400000 
13.498355 
0.000000 
10.940281 
5.755393 
18.678035 
55.400000 
8.783285 
55.400000 
20.301701 
55.400000 
17.692041 
54.185621 
6.298645 
55.400000 
6.932664 
25.847178 
43.492436 
21.769277 
55.400000 
0.000000 
55.400000 
55.400000 
6.567951 
16.640223 
20.000624 
6.440550 
0.000000 
55.400000 
9.632360 
55.400000 
5.678758 
15.028692 
37.355639 
13.951362 
7.017037 
0.000000 
45.152698 
21.104286 
29.135411 
55.400000 
3.733342 
55.400000 
20.572147 
41.076576 
18.284087 
13.806068 
0.000000 
16.160024 
0.000000 
28.670910 
55.400000 
21.387352 
18.539940 
14.418164 
55.400000 
55.400000 
4.639097 
6.485075 
9.899292 
13.824964 
15.538184 
9.182358 
16.002950 
14.026002 
21.599343 
29.453128 
0.000000 
10.233576 
15.272355 
49.475633 
18.843640 
15.227676 
20.528415 
27.273976 
25.011901 
53.647195 
0.000000 
11.601813 
17.684425 
0.000000 
18.110148 
55.400000 
16.119499 
8.124603 
22.897720 
12.617051 
18.300994 
55.400000 
12.153654 
12.299956 
21.725400 
19.680664 
0.000000 
6.091439 
9.748400 
29.392662 
22.843170 
13.278846 
0.000000 
28.150690 
16.627880 
0.000000 
31.449912 
24.608013 
6.258440 
10.663641 
17.236688 
33.632493 
0.000000 
10.304944 
55.400000 
55.400000 
19.913446 
19.793266 
13.269025 
19.813895 
55.400000 
13.429985 
29.393374 
4.846887 
12.099037 
11.208857 
32.502437 
0.000000 
0.000000 
5.759115 
3.744942 
14.931644 
8.291454 
34.869858 
8.354806 
11.379734 
10.060572 
11.572713 
0.000000 
9.522141 
15.175012 
0.000000 
55.400000 
12.383997 
15.475133 
18.049679 
8.718896 
15.468144 
26.695938 
8.530610 
14.019524 
15.924497 
38.590363 
18.074016 
5.071726 
34.321625 
6.280371 
0.000000 
44.820435 
26.378173 
1.490794 
13.777034 
0.000000 
35.098513 
10.530513 
17.339340 
0.000000 
22.636913 
55.400000 
55.400000 
7.921696 
23.058532 
12.995459 
23.065957 
43.315318 
14.373827 
26.520451 
0.000000 
5.340318 
8.743978 
47.690018 
15.199175 
55.400000 
0.000000 
14.702750 
4.982911 
11.256854 
55.400000 
55.400000 
0.000000 
55.400000 
55.400000 
55.400000 
14.295097 
55.400000 
22.961669 
45.035109 
1.677058 
0.000000 
6.400309 
7.338123 
3.081936 
21.276677 
12.531533 
6.411798 
0.000000 
5.907821 
9.035273 
10.584011 
0.000000 
31.258693 
16.273890 
44.736667 
11.659995 
0.000000 
45.659555 
55.400000 
0.000000 
26.070259 
10.057325 
13.450971 
4.671726 
0.000000 
8.669927 
32.868053 
13.968176 
44.123238 
10.679091 
13.433018 
5.176762 
14.058351 
1.035797 
13.360770 
6.946619 
12.702044 
16.476053 
7.078762 
6.862757 
0.000000 
14.663225 
5.079578 
24.059315 
7.080021 
15.879188 
15.445287 
9.123410 
27.259072 
0.000000 
16.671416 
0.000000 
7.937412 
12.858344 
14.448024 
22.026874 
8.843669 
15.017426 
0.000000 
55.400000 
6.776424 
1.688062 
20.660086 
10.942152 
55.400000 
0.000000 
0.000000 
55.400000 
6.265097 
55.400000 
15.400281 
18.854275 
6.450679 
12.162685 
12.423563 
55.400000 
35.957466 
55.400000 
55.138339 
0.000000 
18.756193 
55.400000 
10.557324 
6.221745 
0.000000 
10.951687 
55.400000 
11.736803 
17.008800 
6.573729 
0.000000 
22.205828 
11.357377 
6.018060 
4.438820 
24.566399 
0.000000 
36.325980 
25.821463 
0.000000 
32.358516 
16.313378 
54.467418 
11.471962 
0.000000 
16.498706 
0.000000 
25.289715 
14.923229 
9.851311 
18.367129 
34.351058 
34.821058 
23.832305 
30.941698 
17.416521 
14.911992 
6.308531 
25.337968 
14.843568 
55.400000 
6.218071 
7.041087 
5.995870 
55.400000 
6.487090 
34.418485 
11.452886 
7.121965 
15.144675 
17.370574 
12.211150 
0.000000 
5.371243 
29.396065 
0.000000 
24.119071 
0.000000 
7.136971 
0.000000 
5.959620 
55.400000 
14.702402 
16.896724 
18.722248 
14.334582 
4.735551 
0.000000 
20.511486 
13.649716 
13.511073 
0.000000 
8.065279 
0.000000 
4.925757 
12.796862 
11.260293 
0.000000 
19.320285 
13.610076 
12.448723 
0.000000 
7.078437 
23.972292 
15.744435 
9.888501 
10.299377 
0.000000 
16.242091 
0.000000 
16.291293 
15.718209 
13.134917 
18.906054 
3.810956 
9.716963 
15.437825 
12.985837 
18.632650 
0.000000 
0.000000 
20.818279 
0.000000 
0.000000 
13.107302 
16.792772 
18.680678 
27.249804 
20.493572 
0.000000 
0.000000 
21.490797 
0.000000 
6.432928 
17.814085 
0.000000 
8.241012 
0.000000 
0.000000 
31.875411 
15.241253 
12.646653 
0.000000 
5.559046 
12.982575 
0.000000 
19.152129 
4.416428 
34.265545 
0.000000 
13.837962 
55.400000 
29.345508 
55.400000 
14.765489 
35.414067 
55.400000 
44.151320 
6.390158 
0.000000 
12.772607 
32.344045 
23.022077 
16.586379 
8.634183 
0.985516 
0.000000 
11.451480 
10.715699 
10.831665 
14.533811 
0.000000 
14.649663 
18.500676 
8.643719 
18.234396 
10.919776 
12.778863 
13.172293 
11.953505 
15.663616 
20.027148 
0.000000 
34.284734 
26.481490 
35.464388 
9.048503 
55.400000 
24.731511 
7.036076 
20.129740 
15.195873 
21.669181 
14.044598 
0.000000 
19.838379 
6.361470 
0.000000 
12.851735 
55.400000 
11.901350 
55.400000 
6.470102 
8.946727 
55.400000 
29.792236 
14.994397 
0.000000 
14.966739 
6.412147 
0.000000 
19.786449 
27.815501 
16.043257 
17.571915 
55.400000 
5.735261 
14.631448 
0.000000 
20.247186 
5.332117 
32.400322 
14.496083 
0.000000 
15.391933 
11.824213 
13.709880 
9.135173 
14.523979 
12.870631 
1.177041 
18.079385 
11.668753 
0.000000 
0.000000 
11.901045 
10.958121 
5.744772 
8.438136 
7.829097 
13.740992 
0.000000 
6.458086 
14.342816 
0.000000 
14.897051 
6.651730 
24.263627 
6.731112 
9.820016 
17.961580 
11.049199 
0.000000 
13.889451 
14.198510 
14.195269 
10.891040 
9.667354 
35.499672 
0.000000 
0.000000 
11.894090 
8.034237 
10.848401 
6.608870 
15.015212 
22.026937 
21.049998 
32.928029 
16.423908 
5.917734 
0.000000 
0.000000 
22.751689 
0.000000 
51.429601 
55.400000 
5.641100 
0.845824 
9.176671 
0.000000 
55.400000 
55.400000 
0.000000 
20.421751 
4.144034 
0.000000 
13.796392 
20.755108 
55.400000 
11.399244 
13.504003 
5.649082 
0.000000 
0.000000 
0.000000 
6.748058 
10.224704 
7.679357 
3.491891 
55.400000 
0.000000 
0.000000 
9.951806 
10.495946 
17.828772 
29.643084 
13.413208 
16.054107 
11.238292 
10.271442 
0.000000 
0.000000 
24.518300 
19.204181 
29.227702 
23.525876 
16.714046 
0.000000 
19.531837 
12.666618 
55.400000 
4.711903 
12.796628 
6.651371 
15.859139 
11.871448 
0.000000 
0.000000 
0.000000 
15.383274 
30.638214 
24.828664 
10.808527 
52.541008 
4.745647 
32.273001 
55.400000 
40.617049 
5.496565 
13.402784 
5.680818 
0.000000 
16.544551 
13.018846 
55.400000 
17.309119 
6.018101 
0.000000 
18.271691 
8.507851 
27.191665 
16.580246 
14.554632 
55.400000 
12.640030 
0.000000 
55.400000 
6.770849 
15.998024 
1.103833 
0.000000 
8.129955 
0.000000 
16.848248 
24.880025 
49.993531 
5.544587 
17.133667 
0.000000 
25.491248 
9.582578 
12.777963 
17.145246 
23.006371 
5.607521 
0.000000 
5.549240 
8.044055 
0.000000 
0.000000 
0.000000 
10.070736 
6.350480 
18.368590 
24.958576 
11.041804 
55.400000 
24.059264 
12.922798 
28.397543 
55.400000 
55.400000 
16.316171 
14.257511 
14.010512 
13.689020 
37.974430 
0.000000 
6.457042 
11.563075 
0.000000 
27.656606 
4.930612 
6.857225 
10.019297 
25.269230 
26.992872 
6.206266 
10.741767 
55.400000 
20.069106 
16.928467 
19.288602 
10.179379 
55.400000 
55.400000 
10.390496 
55.400000 
22.686653 
0.000000 
12.643265 
55.400000 
13.477442 
0.000000 
8.178064 
16.803408 
0.000000 
21.098971 
1.256236 
5.251978 
16.381644 
15.098085 
19.803221 
10.145369 
11.775772 
18.124167 
8.583435 
0.000000 
16.658900 
0.000000 
55.400000 
12.894688 
46.654629 
0.000000 
21.281780 
16.098790 
0.000000 
55.400000 
0.000000 
54.764529 
5.150664 
8.948356 
16.387510 
24.282977 
0.000000 
0.000000 
55.400000 
18.170165 
55.400000 
55.400000 
0.000000 
0.000000 
14.190260 
0.000000 
0.000000 
55.400000 
7.103046 
0.000000 
0.000000 
17.191892 
27.619309 
5.711953 
14.019609 
55.400000 
7.474632 
0.000000 
55.400000 
47.031937 
4.669118 
55.400000 
0.000000 
13.602774 
55.400000 
6.331891 
