40.058913 
30.444150 
15.522820 
11.620081 
40.813539 
6.637607 
11.384253 
20.559172 
28.932011 
7.026109 
24.342839 
13.355892 
19.138764 
40.407635 
37.171234 
31.302054 
47.933300 
47.933300 
16.716190 
35.681636 
8.786454 
26.741115 
8.250195 
21.757995 
39.964190 
32.472145 
5.406131 
30.504460 
30.325145 
42.743412 
30.306075 
20.182597 
6.577173 
30.166824 
22.938087 
39.541684 
10.884143 
39.043707 
12.946037 
23.943130 
31.260364 
16.094786 
47.933300 
6.172171 
7.157882 
7.621956 
40.312398 
36.788836 
34.037542 
47.933300 
40.258144 
22.773286 
7.706511 
11.219232 
27.649524 
40.277912 
28.313211 
30.109311 
8.405726 
3.655935 
16.436159 
17.317868 
40.576423 
40.616652 
13.399801 
5.511810 
29.591072 
14.158347 
15.219538 
18.847696 
41.403981 
10.486364 
20.715882 
32.689528 
19.176684 
35.448612 
4.656396 
47.933300 
8.174813 
3.001006 
8.203990 
47.933300 
14.096091 
38.621562 
40.616658 
14.552901 
24.512841 
3.699453 
41.028135 
40.617152 
27.386007 
33.554872 
37.503401 
16.956560 
8.003393 
9.181188 
40.300820 
40.019693 
47.933300 
6.691786 
9.518721 
40.212934 
17.842173 
34.385339 
28.573460 
18.112438 
47.933300 
16.924169 
22.931378 
7.417611 
47.933300 
47.933300 
47.933300 
19.119775 
3.745362 
17.682323 
8.312352 
24.604720 
6.250610 
27.135193 
40.575707 
40.490224 
7.551490 
26.273218 
10.592305 
6.726139 
6.560495 
6.991276 
15.466854 
21.453168 
4.719989 
37.954605 
7.081876 
47.933300 
27.154360 
8.604342 
4.575191 
31.963957 
6.459218 
41.359947 
25.081329 
17.583825 
11.593493 
8.459230 
36.039485 
24.502088 
40.615720 
12.984377 
40.855827 
7.872470 
40.617031 
3.660875 
28.960702 
47.933300 
42.002233 
16.629880 
34.914166 
7.552835 
8.068976 
6.918912 
41.416409 
26.390740 
36.325183 
28.655214 
13.613497 
30.097524 
16.817649 
40.624524 
40.618754 
40.729158 
5.660044 
47.933300 
7.042404 
22.158187 
17.688551 
9.800042 
4.949238 
22.753300 
24.934378 
2.640534 
26.248157 
21.758148 
7.548269 
47.933300 
5.110394 
17.921042 
32.509010 
20.289323 
46.923445 
8.059391 
37.005864 
40.199177 
35.096730 
40.620510 
17.983670 
4.182409 
39.118794 
39.470715 
47.933300 
33.655238 
13.611925 
40.665253 
42.710250 
40.478304 
37.418050 
17.629675 
37.530076 
39.921439 
17.862309 
40.642189 
8.066313 
7.240281 
10.532424 
4.060672 
41.187528 
35.876431 
9.578365 
7.948294 
4.590433 
27.115646 
16.036376 
37.103837 
40.690478 
35.104509 
47.933300 
23.721923 
38.165211 
32.960141 
3.860807 
9.952417 
47.933300 
22.117445 
29.358629 
39.967627 
8.353341 
20.541420 
41.044633 
8.476554 
10.505013 
6.498886 
20.435639 
28.558575 
40.665750 
47.933300 
7.586592 
39.215858 
11.747270 
16.032550 
8.423131 
47.933300 
7.951101 
30.307345 
23.995418 
47.933300 
6.522747 
46.500785 
29.342862 
3.601456 
40.616650 
47.933300 
34.422227 
40.613446 
12.726632 
7.145415 
19.781067 
31.486988 
11.751890 
8.902584 
26.309879 
16.932183 
10.362652 
46.110704 
47.170605 
13.523866 
47.933300 
6.946748 
45.782936 
28.739385 
44.966880 
40.616657 
47.933300 
38.504429 
17.638835 
41.055371 
47.933300 
6.828961 
40.735532 
17.246828 
6.412230 
33.242045 
29.656016 
15.463565 
40.899126 
47.933300 
11.109459 
40.628322 
30.506116 
41.704556 
33.014991 
27.567014 
36.797912 
37.500743 
26.569820 
28.551630 
36.903469 
26.834200 
40.602959 
8.407541 
12.385756 
25.707211 
34.223138 
47.933300 
35.383995 
26.987272 
47.933300 
12.065823 
7.933272 
15.917954 
15.624955 
16.082005 
20.287721 
40.732387 
25.715749 
47.933300 
34.575101 
32.162654 
39.255426 
14.935438 
31.494748 
21.529754 
24.065377 
29.936838 
41.079409 
29.460142 
38.573914 
18.680999 
40.616650 
14.984119 
21.271060 
40.616650 
33.198220 
43.529791 
8.292847 
14.263981 
40.124879 
16.949408 
25.901143 
18.103245 
24.940272 
13.507357 
24.895222 
21.329327 
8.281393 
4.995860 
23.711629 
35.762444 
33.764859 
37.590052 
40.616673 
26.360501 
25.571104 
12.008173 
41.326940 
40.155814 
34.774381 
37.801993 
43.872220 
39.567071 
32.281593 
47.933300 
15.674227 
47.933300 
39.955011 
26.590005 
35.036911 
34.231191 
43.033877 
14.857093 
24.122714 
3.822894 
44.442478 
5.569888 
35.901590 
10.173664 
7.949027 
2.601190 
7.476431 
38.925911 
16.578682 
41.740048 
40.047310 
15.267839 
9.573446 
11.930773 
41.477123 
5.718918 
24.852946 
5.630154 
47.933300 
11.580367 
18.049690 
24.304485 
6.970165 
25.433062 
33.623877 
33.123140 
28.175262 
39.450205 
25.164129 
19.765679 
19.398862 
40.367093 
16.306121 
40.616650 
39.983242 
15.286288 
7.604677 
12.282356 
43.013793 
30.522942 
15.561394 
13.891699 
34.928441 
35.546973 
47.933300 
37.347225 
47.933300 
32.560178 
18.055893 
24.570863 
24.617785 
42.258678 
47.933300 
37.295004 
3.665833 
35.771707 
19.024884 
18.353040 
44.739602 
39.109052 
26.824952 
12.115536 
18.140790 
35.903650 
43.360553 
44.892470 
42.808990 
47.933300 
47.933300 
23.681114 
47.933300 
5.269309 
12.343050 
43.137736 
40.616650 
7.590791 
47.933300 
18.936461 
42.290782 
20.523712 
44.144163 
39.482107 
20.124623 
16.507570 
19.542576 
38.722671 
28.308968 
23.100306 
22.584924 
47.933300 
40.913062 
14.179394 
47.933300 
40.616664 
21.876128 
28.313753 
24.071780 
2.541042 
42.442596 
7.534971 
34.333509 
35.243867 
6.372626 
11.911391 
6.928730 
8.018976 
20.537191 
47.662373 
24.299799 
10.280844 
45.424022 
20.630406 
12.179138 
6.579403 
40.658663 
24.868188 
37.395316 
8.129529 
6.181571 
25.118852 
31.662728 
8.201753 
45.272871 
47.933300 
39.118537 
40.849609 
24.633697 
41.025312 
12.874916 
36.036593 
13.820945 
30.865347 
41.263802 
33.970270 
37.962178 
41.936043 
21.933645 
47.933300 
40.409309 
40.619161 
40.616650 
8.161790 
11.329838 
7.316496 
34.903267 
25.081691 
47.933300 
34.357458 
5.189307 
10.697767 
33.882749 
8.521354 
18.017722 
8.340782 
26.113809 
47.933300 
14.600979 
11.263246 
39.522770 
12.800812 
5.354598 
14.735964 
25.009567 
4.299947 
40.616671 
12.356026 
4.190015 
21.302420 
11.825617 
39.107150 
40.616668 
34.617209 
36.035992 
40.621464 
36.996999 
6.642200 
22.153769 
15.745208 
40.615423 
31.528301 
19.811067 
38.718235 
18.733679 
34.055316 
29.459472 
31.776421 
32.482786 
24.061796 
39.026131 
27.422313 
27.267251 
13.691750 
30.406640 
6.911899 
17.220304 
23.756404 
8.553999 
21.547673 
28.162349 
5.869282 
31.393453 
16.537889 
6.154106 
24.611238 
19.182854 
7.203082 
40.644821 
34.688652 
37.541609 
3.984840 
39.428448 
41.681713 
3.014042 
40.933818 
10.590143 
40.737501 
32.826384 
28.257360 
34.197575 
15.613635 
4.731132 
40.618153 
35.481600 
43.939300 
28.539336 
35.111309 
14.609531 
38.932836 
4.953700 
18.670781 
25.984652 
40.618697 
7.269365 
3.014340 
8.555055 
33.133892 
8.644263 
27.367224 
7.386462 
8.202390 
32.308180 
40.634820 
31.477542 
40.588394 
19.363257 
26.993622 
10.668262 
30.953363 
44.617918 
12.354109 
23.285195 
25.557519 
25.912895 
40.616947 
40.616651 
28.876514 
26.554434 
40.608004 
10.053847 
15.140991 
36.153006 
27.261957 
39.338312 
38.451147 
22.083077 
35.717735 
40.616650 
11.834151 
25.251139 
40.616652 
19.082702 
40.258315 
40.616650 
19.889794 
7.716200 
4.288683 
40.698798 
6.271262 
23.510465 
40.627710 
34.837542 
14.000662 
40.887963 
40.446486 
37.389319 
41.345311 
32.457687 
20.701655 
36.735656 
37.129241 
41.838086 
26.045581 
17.669869 
40.617526 
22.264935 
38.489875 
36.970367 
33.415742 
22.292329 
12.492374 
38.219268 
4.333441 
16.640683 
22.242175 
23.354814 
40.616570 
8.603484 
32.868319 
33.204302 
35.058517 
12.803451 
40.052871 
36.207304 
29.421048 
13.796990 
30.259778 
38.930618 
7.967722 
29.211766 
36.709110 
4.847682 
47.933300 
31.313135 
4.058983 
27.129654 
19.973501 
36.886116 
34.656753 
37.859303 
21.833741 
15.643856 
25.496558 
16.208426 
8.588008 
23.206105 
6.601079 
2.684425 
10.115111 
23.460704 
25.640227 
7.273594 
40.621930 
23.931270 
8.535791 
40.345941 
27.021807 
30.644667 
24.441914 
38.295789 
6.215003 
6.600866 
18.109116 
39.552065 
33.953764 
22.735995 
40.116902 
15.753783 
6.659382 
36.818207 
15.333116 
15.945635 
16.556727 
9.104101 
13.052282 
16.149894 
23.487799 
8.127009 
40.607745 
40.616650 
17.458455 
15.296200 
9.222349 
7.963811 
11.431078 
17.034218 
40.618523 
36.133917 
22.577797 
3.880608 
18.795239 
3.288477 
8.355666 
5.923468 
7.990844 
10.942286 
20.520536 
40.440193 
6.796751 
17.203367 
24.787628 
9.334500 
22.532659 
27.173307 
40.653705 
40.619564 
13.747060 
6.872817 
19.712261 
47.933300 
29.160610 
27.898957 
26.380072 
37.718757 
32.379310 
23.585434 
11.055031 
40.616668 
8.510995 
40.616650 
11.572524 
6.439178 
6.735041 
47.933300 
47.933300 
47.933300 
40.919868 
36.451749 
40.616650 
28.817573 
32.448709 
40.616667 
7.773507 
39.529833 
38.122489 
8.869322 
18.043036 
7.727843 
40.657410 
40.737342 
42.601023 
9.199768 
24.274990 
8.587007 
23.034218 
36.152426 
37.340520 
40.462061 
7.548714 
26.024039 
3.933074 
35.900937 
26.007477 
15.909817 
25.430794 
6.066652 
40.684567 
40.616734 
27.179927 
27.161519 
34.833932 
29.022624 
37.437709 
40.616801 
8.134830 
18.272174 
19.374678 
6.123613 
20.795722 
6.780843 
17.959710 
15.235912 
37.557396 
40.591932 
15.875390 
34.607979 
40.487347 
31.024946 
26.782014 
23.628931 
40.097578 
24.096269 
47.933300 
40.859291 
19.144847 
16.876535 
7.078037 
36.545684 
17.004573 
14.908614 
47.933300 
17.582797 
11.861799 
40.620732 
33.898475 
8.376425 
40.575767 
10.844131 
7.347237 
19.986282 
11.240961 
40.373340 
10.629368 
8.867993 
34.594730 
11.004301 
40.617023 
10.509495 
40.693610 
19.674302 
27.134942 
34.319008 
18.465976 
37.833846 
40.508053 
24.098766 
19.089197 
15.707774 
20.649784 
36.441477 
28.334371 
40.617941 
4.940936 
39.694316 
40.238411 
40.676425 
40.639052 
23.363778 
10.348758 
27.332443 
39.199085 
22.381670 
13.129916 
14.147272 
37.800405 
37.549332 
39.921043 
32.357963 
27.468707 
23.366478 
17.336881 
13.815662 
28.079377 
19.584320 
3.656031 
40.965371 
7.046204 
10.676817 
8.787586 
14.268355 
41.940876 
25.858421 
35.826887 
5.974670 
24.463929 
7.087063 
32.676321 
41.134199 
47.391219 
7.161125 
24.164280 
44.756891 
19.417379 
38.395481 
37.892542 
40.616899 
18.634579 
26.439869 
20.057752 
40.521154 
37.919459 
26.752725 
36.363502 
11.570218 
8.368218 
4.738297 
38.991324 
19.840899 
7.196368 
15.923900 
16.369379 
11.760932 
9.376894 
40.616550 
47.933300 
36.222464 
5.416052 
9.209919 
25.689410 
40.346454 
11.508538 
15.947354 
40.618069 
20.578727 
40.649237 
30.009243 
6.975561 
4.861472 
27.169455 
16.334362 
40.625630 
40.269668 
47.933300 
26.230976 
30.241074 
39.976559 
40.623011 
41.086879 
19.169294 
40.616650 
40.617369 
6.096967 
13.832984 
41.055991 
22.051865 
25.535836 
27.684220 
13.114658 
25.635491 
20.301474 
15.233287 
40.616659 
15.553079 
26.675220 
42.037268 
12.160461 
38.529343 
24.177936 
40.523828 
11.010393 
