36.633350 
34.467861 
15.262645 
34.183919 
36.633350 
34.639635 
0.133431 
34.285178 
11.562425 
15.510036 
31.384306 
0.143798 
9.894221 
35.965392 
35.735753 
36.411562 
36.191372 
36.616083 
53.800000 
20.648006 
22.693424 
37.610153 
53.800000 
34.366462 
36.632996 
35.288851 
53.800000 
10.807722 
35.800242 
32.877434 
34.016768 
34.437830 
14.396097 
26.088668 
34.210130 
36.633228 
12.321357 
36.338460 
20.855895 
16.570934 
32.214616 
15.340637 
36.633350 
40.122129 
29.589557 
12.987866 
36.633339 
36.545534 
36.527140 
33.511766 
36.633347 
52.259387 
35.776153 
0.133334 
27.152012 
36.628741 
53.800000 
16.697707 
34.581756 
30.991693 
0.146337 
33.924836 
36.633350 
36.633350 
21.069033 
32.563297 
23.380438 
18.529823 
36.973026 
21.017777 
36.631838 
38.785383 
35.212215 
32.971516 
13.239643 
36.222150 
35.883335 
36.177473 
13.257616 
0.134637 
26.836443 
36.528635 
35.641909 
36.631839 
36.633350 
31.006139 
53.800000 
9.737372 
36.633342 
36.633350 
31.182710 
30.685174 
36.397478 
16.642138 
35.593697 
53.800000 
18.969873 
53.800000 
36.150886 
53.800000 
17.299353 
36.633220 
35.503619 
36.227447 
28.764253 
53.800000 
33.896028 
36.409344 
0.133424 
23.711288 
33.493252 
35.598097 
36.610311 
14.964459 
38.855617 
36.625072 
46.966098 
53.800000 
31.270802 
13.986229 
36.633350 
36.633350 
35.854412 
16.718194 
38.336858 
15.703852 
11.058965 
37.678696 
53.800000 
40.109551 
36.367736 
35.183122 
36.512553 
11.361816 
28.458526 
36.586236 
0.921250 
12.997024 
32.359451 
36.528962 
31.920240 
18.687473 
40.098729 
14.010829 
34.371501 
50.342949 
36.633350 
33.737076 
36.633350 
0.220618 
36.633350 
36.595598 
53.800000 
36.517414 
36.320113 
36.628721 
32.892080 
0.134217 
35.509825 
35.748438 
36.632751 
29.524053 
36.373650 
11.225406 
15.652175 
53.800000 
0.134951 
36.633350 
36.633350 
36.633350 
12.687917 
35.951366 
53.800000 
0.133399 
35.371852 
14.461799 
25.747922 
53.800000 
19.310047 
0.133334 
15.713164 
0.134241 
53.800000 
35.674996 
0.166990 
0.134006 
20.509853 
35.251709 
31.764652 
15.342967 
28.919897 
36.633320 
36.227603 
36.633350 
36.695707 
33.839414 
36.600364 
36.607134 
36.523526 
35.980212 
49.315999 
36.633350 
36.562377 
36.629660 
35.835154 
28.689618 
36.630406 
30.948820 
29.614017 
36.633249 
53.800000 
16.404925 
0.133335 
18.572998 
36.633350 
35.469613 
12.932189 
53.800000 
33.403671 
33.510549 
45.354942 
33.392433 
36.633350 
36.613028 
29.254274 
10.884712 
36.487207 
25.954578 
32.306361 
46.770257 
36.558756 
5.785820 
13.386480 
36.630773 
53.800000 
34.926146 
35.856921 
47.246412 
28.274581 
33.283217 
36.563461 
35.332577 
36.633350 
36.522328 
0.133334 
29.665612 
27.105029 
0.134417 
36.116204 
31.727784 
35.532839 
43.678110 
0.191896 
36.632613 
34.908393 
36.499888 
36.565748 
32.536402 
36.633350 
36.007658 
35.971119 
36.633348 
17.527858 
53.800000 
31.256692 
30.100172 
27.642123 
10.582568 
13.498603 
28.016852 
26.068515 
30.893572 
53.800000 
15.341530 
36.589598 
10.863437 
36.582255 
18.374514 
35.467279 
36.633350 
14.051533 
14.303655 
4.928926 
36.625186 
36.171435 
28.442713 
36.633350 
14.255598 
24.355947 
16.307338 
35.271746 
36.612489 
36.460061 
24.655263 
38.423062 
36.633350 
15.082805 
34.622095 
33.718168 
14.202113 
45.633929 
12.362422 
32.424278 
10.707467 
36.055236 
53.800000 
36.633348 
21.127765 
36.624808 
30.837535 
31.528377 
19.991425 
35.445115 
53.800000 
36.427024 
0.133340 
33.187319 
35.277453 
19.285013 
33.327885 
13.655446 
36.345129 
35.865276 
35.361671 
36.164791 
25.517912 
36.632551 
33.828948 
35.181149 
18.366701 
18.701449 
20.051753 
34.842266 
53.800000 
36.402969 
19.453175 
36.633350 
30.430897 
31.179214 
36.633350 
53.800000 
36.563462 
30.823299 
0.133698 
36.616771 
34.733128 
19.335431 
11.119960 
53.800000 
0.133566 
11.976097 
53.800000 
36.623667 
35.751013 
0.140835 
12.276225 
36.974155 
36.535551 
36.633350 
9.511709 
0.145074 
36.630711 
36.627534 
36.611187 
31.087069 
34.913933 
31.323717 
36.447044 
36.628325 
35.585763 
10.858901 
35.904697 
35.999885 
0.149375 
34.372391 
25.683393 
36.333960 
36.735832 
13.672835 
53.800000 
34.570086 
0.222014 
31.873691 
36.620986 
36.688915 
36.631692 
53.800000 
36.624559 
39.739382 
36.015828 
36.631285 
0.145768 
53.800000 
35.487455 
36.633350 
10.901160 
53.800000 
36.582986 
33.308891 
30.001870 
12.123657 
15.657755 
36.247657 
36.474483 
33.748168 
36.545874 
35.556032 
36.617169 
10.437096 
11.165167 
0.134689 
36.575219 
36.571644 
53.800000 
35.907237 
13.017562 
36.020606 
0.133348 
36.632217 
12.548744 
0.133385 
31.952662 
36.639205 
24.299990 
35.157498 
35.019868 
35.885843 
25.776690 
31.534814 
30.891297 
13.567008 
35.326138 
36.519241 
36.623399 
0.181375 
36.305873 
29.430253 
29.984301 
35.768993 
36.633350 
35.022504 
34.888355 
27.109523 
13.708231 
29.575285 
36.633350 
32.040259 
33.082185 
36.541316 
3.309335 
30.459849 
10.873996 
7.487199 
36.500727 
36.633350 
53.800000 
36.302912 
36.526220 
31.702462 
36.200586 
36.509522 
36.836016 
0.133568 
30.104213 
36.449576 
36.633328 
14.343618 
12.596756 
8.035739 
36.519813 
36.632224 
33.232259 
32.330310 
36.633350 
11.580807 
53.800000 
35.566838 
0.133338 
36.633343 
26.552902 
33.514342 
35.604945 
32.854516 
36.614952 
11.480595 
37.984495 
37.971030 
36.537182 
18.736914 
29.108333 
35.227970 
11.841800 
24.943503 
35.716890 
36.633350 
33.156879 
36.604017 
18.482512 
36.382396 
31.267126 
33.010629 
0.158114 
30.086644 
36.633348 
33.123065 
36.633331 
36.010066 
36.288316 
12.884392 
35.787259 
35.620234 
35.350421 
36.604825 
14.783884 
36.315778 
36.628923 
18.259818 
36.090409 
26.035877 
36.633344 
36.633350 
31.925942 
30.931788 
22.511005 
27.359971 
25.645746 
36.044198 
36.553834 
28.986837 
10.905655 
27.399321 
11.195129 
14.134323 
36.589385 
36.330291 
33.761823 
0.133400 
36.465861 
36.632384 
24.776202 
36.565148 
2.133489 
30.874028 
0.133334 
36.633350 
17.260880 
36.529261 
36.842511 
53.800000 
36.182448 
36.633350 
17.362113 
33.502886 
36.633350 
53.800000 
34.383699 
30.790348 
49.682231 
36.633350 
43.707118 
36.633311 
36.517463 
29.859655 
36.795267 
26.461661 
18.783940 
31.311756 
13.213800 
36.380996 
15.278293 
0.210226 
53.800000 
26.637097 
31.182322 
13.966270 
53.800000 
36.829037 
38.986957 
16.215816 
5.817741 
15.082735 
32.582337 
36.599736 
36.616906 
31.645697 
15.562601 
36.633350 
36.603688 
36.177672 
36.615435 
36.614596 
36.633350 
0.133335 
36.633350 
31.804121 
22.016290 
36.499621 
53.800000 
36.390528 
0.133343 
36.610328 
36.633350 
41.256594 
32.664631 
36.833494 
36.628948 
26.505783 
36.631438 
53.800000 
32.607297 
26.361897 
36.633350 
10.202438 
13.720928 
11.124060 
35.996146 
17.854619 
53.800000 
20.321240 
26.711556 
0.203494 
36.633350 
34.755342 
36.633350 
17.023728 
33.934605 
0.158952 
30.511619 
36.057562 
37.615480 
33.615126 
53.800000 
22.180856 
36.633350 
36.633350 
30.832620 
36.620921 
36.633349 
34.926013 
36.496224 
36.125911 
12.707918 
36.423945 
36.624698 
36.429967 
34.494199 
36.633350 
0.133521 
9.208641 
36.633350 
53.800000 
36.633343 
36.633350 
10.869126 
33.099143 
0.152913 
36.633349 
53.800000 
17.564765 
36.633350 
33.890206 
36.499483 
36.630793 
36.633337 
36.474537 
16.935127 
18.242814 
36.535383 
35.111596 
32.980298 
22.298585 
32.428406 
36.483345 
36.633350 
34.730204 
35.071957 
36.471139 
34.786762 
0.133513 
36.580338 
36.632692 
14.266462 
0.133544 
53.800000 
29.103360 
36.633350 
35.657418 
36.419388 
53.800000 
33.584127 
35.035633 
36.629826 
36.446446 
53.800000 
7.377427 
17.631374 
36.631648 
17.594652 
53.800000 
34.368556 
36.231587 
36.602700 
20.408894 
0.244866 
18.367679 
35.714368 
35.513618 
35.405196 
36.633207 
14.705882 
31.585819 
36.611809 
0.138759 
14.651877 
36.259828 
36.632236 
36.616646 
36.456681 
14.522094 
13.878978 
25.411793 
36.633350 
35.202419 
44.645695 
36.633342 
34.826935 
17.277280 
17.721638 
36.498892 
13.624100 
40.021723 
13.695733 
36.628105 
33.556658 
0.214097 
36.565198 
13.946571 
53.800000 
36.170922 
36.461938 
15.640638 
0.135170 
33.602408 
4.175289 
36.026828 
35.651532 
36.009479 
36.633350 
36.633350 
7.759013 
53.800000 
36.568039 
41.301368 
35.589608 
36.504334 
36.633350 
0.133811 
53.800000 
36.580984 
12.703826 
42.350056 
25.214776 
26.419736 
0.163917 
0.133336 
35.041136 
36.633349 
0.153404 
36.614883 
36.265815 
45.627995 
53.800000 
21.511944 
36.633350 
36.633350 
30.681624 
17.439359 
11.801423 
30.625510 
53.800000 
19.852548 
30.169940 
36.105335 
33.654196 
36.458378 
36.422556 
36.633350 
53.800000 
36.633350 
33.379051 
34.554195 
39.221777 
36.126948 
36.594952 
36.632642 
25.459219 
34.395017 
36.633350 
13.533086 
35.697443 
36.633350 
27.695951 
36.561989 
20.690053 
29.818026 
0.134589 
53.800000 
36.633350 
36.633350 
36.633350 
41.026890 
53.800000 
24.541928 
53.800000 
20.836578 
36.633212 
36.633078 
0.147128 
52.605187 
10.046542 
36.132111 
53.800000 
33.042315 
0.134211 
36.432703 
36.633350 
36.633350 
53.800000 
53.800000 
53.800000 
10.225493 
33.945338 
36.633350 
24.149376 
33.596827 
0.133892 
53.800000 
25.421495 
39.921322 
12.945779 
31.905287 
36.632722 
36.633350 
36.397067 
35.270670 
36.628250 
26.628814 
36.194120 
0.247965 
36.602503 
53.800000 
12.392230 
34.946088 
33.543827 
30.875819 
25.427621 
36.629874 
11.116063 
33.230000 
34.811189 
17.560763 
40.339072 
36.633350 
35.296120 
53.800000 
36.633347 
8.244121 
32.395696 
10.149213 
31.325355 
36.633335 
11.385500 
0.149985 
35.822684 
53.800000 
36.633350 
23.997922 
36.633350 
12.437433 
17.324271 
26.480716 
53.800000 
36.600609 
36.633321 
14.651849 
0.133336 
35.883790 
11.999118 
35.685649 
53.800000 
36.633350 
0.133346 
36.629322 
36.633349 
36.633350 
36.633350 
30.738504 
14.145233 
30.090717 
36.531739 
36.104698 
11.429615 
17.593140 
34.193151 
34.834906 
36.452187 
11.283946 
35.805145 
28.841861 
30.261774 
34.716386 
11.791582 
36.632263 
33.748038 
36.614260 
35.704739 
10.442022 
0.136951 
2.227397 
34.790720 
20.193816 
53.800000 
16.129240 
53.800000 
10.864242 
18.150547 
36.456249 
36.092847 
9.909069 
13.508902 
35.448955 
36.306571 
32.170882 
23.440932 
36.633350 
34.861206 
34.799322 
19.623504 
36.633343 
36.612250 
53.800000 
36.597497 
17.246967 
35.425328 
31.844999 
30.951562 
35.051788 
26.132410 
53.800000 
17.876210 
10.792777 
53.800000 
36.633350 
31.119636 
36.632442 
36.151428 
0.133385 
10.426682 
36.631033 
11.245821 
53.800000 
36.633350 
10.249836 
36.633350 
12.247299 
41.011416 
32.718916 
16.560268 
21.497859 
36.633350 
41.797721 
33.529513 
18.048361 
17.121641 
27.505798 
36.633350 
36.633310 
35.665289 
36.633350 
36.633350 
12.509737 
53.800000 
36.633260 
36.466294 
0.163573 
53.800000 
53.800000 
53.800000 
5.714909 
33.516825 
36.633350 
32.974317 
12.940899 
42.646163 
24.819380 
36.626783 
39.363754 
36.071115 
34.929652 
