4.811223 
24.726830 
14.091286 
7.610003 
8.801108 
6.370039 
27.320675 
9.966273 
35.489149 
12.304139 
31.937221 
14.555910 
13.602016 
22.020012 
17.453700 
28.259402 
25.993086 
12.099340 
12.775194 
15.475382 
13.218686 
14.480678 
13.320562 
7.758993 
4.035539 
14.416086 
6.683897 
17.245452 
12.173198 
29.848236 
16.006289 
14.170062 
7.574154 
36.209137 
27.785011 
4.531827 
22.569370 
12.986876 
26.892852 
7.534694 
34.707071 
22.237672 
8.381288 
10.188141 
13.978131 
6.396093 
8.287681 
8.111982 
18.432288 
9.797826 
5.594663 
9.980678 
6.510928 
13.708630 
13.786934 
8.228241 
14.210848 
36.566291 
24.268979 
8.059210 
22.905151 
12.007085 
3.653011 
7.839987 
8.529041 
31.804559 
35.041827 
13.206052 
24.220135 
16.274801 
14.782903 
7.629397 
14.366625 
18.639231 
19.657064 
9.871895 
13.737955 
26.156521 
12.869552 
33.190284 
10.328472 
21.116286 
14.304624 
7.454273 
8.317531 
13.402189 
8.219365 
14.624850 
8.437339 
2.542653 
14.177190 
28.305369 
18.708721 
18.169716 
5.549297 
18.604073 
22.821354 
13.157424 
24.493270 
16.620715 
23.370521 
5.322899 
24.880699 
15.381905 
12.956958 
8.325805 
23.190375 
3.925830 
36.787976 
8.803965 
34.267334 
19.648600 
18.365546 
32.076274 
5.753856 
5.516150 
7.950473 
12.992726 
14.734993 
13.786485 
7.658287 
0.316568 
11.991556 
12.979228 
5.827087 
12.479653 
8.913297 
16.003258 
13.350951 
14.005374 
8.299619 
6.460179 
8.091081 
24.013020 
12.375909 
8.501659 
41.573668 
36.672136 
6.242518 
32.992604 
15.882906 
18.724097 
23.952088 
14.504738 
19.495135 
15.628394 
4.520880 
10.549048 
8.357575 
38.761182 
11.910576 
14.829505 
13.661254 
24.998478 
34.303384 
12.044224 
19.734833 
13.988988 
14.333935 
5.072533 
9.791077 
18.308722 
7.903882 
40.952251 
36.407860 
27.418150 
13.643949 
2.733931 
4.162740 
8.249777 
21.998811 
16.431383 
13.267126 
41.019888 
13.918057 
26.776852 
34.990931 
8.584631 
17.698204 
2.006010 
22.295230 
40.007137 
19.051524 
35.041292 
6.738089 
34.922373 
31.301750 
14.773814 
19.877087 
18.802301 
34.516085 
5.635662 
14.930059 
3.227031 
15.985163 
7.832687 
8.577293 
18.630081 
14.405089 
26.449381 
15.961073 
12.201326 
19.569871 
8.852467 
14.314759 
10.532855 
6.256918 
34.922498 
16.835291 
11.047964 
20.215201 
7.437151 
39.664875 
11.144388 
8.017177 
15.245846 
23.865393 
10.793073 
14.739707 
13.208164 
26.390809 
37.804809 
8.145773 
13.156261 
23.015640 
25.422998 
6.203940 
24.510159 
5.013035 
8.965732 
17.945183 
14.850718 
13.908364 
5.866562 
12.468806 
13.658062 
35.600985 
9.585443 
15.507611 
23.016017 
12.235501 
35.818435 
8.307402 
17.562949 
21.061655 
33.484432 
13.701082 
23.410434 
20.017217 
26.594646 
28.154849 
24.996513 
20.861227 
14.511015 
6.425067 
24.667812 
6.326510 
5.764320 
0.209308 
28.430778 
16.961053 
8.138027 
10.079637 
13.272856 
30.991714 
11.216985 
14.527126 
8.659187 
32.931816 
18.106476 
15.001773 
26.014150 
30.803037 
8.642143 
13.678461 
12.462939 
18.019681 
34.830226 
18.409447 
6.191308 
18.219845 
35.249644 
21.746548 
10.886483 
28.786892 
14.547808 
7.679044 
41.044511 
14.091971 
34.029735 
13.987107 
12.719829 
18.564035 
20.653217 
6.422752 
11.634190 
23.947057 
32.858529 
13.994202 
13.834328 
18.207390 
37.791021 
9.301355 
39.364632 
33.122401 
15.246018 
5.973488 
23.996581 
12.266990 
13.389888 
30.241295 
34.223411 
12.837371 
32.785213 
33.464369 
22.635833 
14.169360 
8.742345 
26.463368 
32.541832 
9.455243 
22.268044 
8.072029 
14.368398 
29.459263 
29.024128 
11.840643 
9.106944 
19.833075 
12.766874 
24.121594 
22.461845 
24.498793 
14.753334 
8.018433 
35.406769 
2.242808 
11.321670 
17.441390 
15.336155 
14.722668 
15.762223 
24.771481 
14.084546 
15.391033 
9.740731 
34.781695 
8.580984 
10.180702 
21.126484 
37.463149 
17.432951 
6.292757 
19.882290 
34.488312 
27.365855 
12.246621 
11.137007 
2.329429 
37.962718 
41.062901 
3.767611 
15.368672 
16.841076 
37.318898 
42.055674 
16.288033 
12.028477 
6.254084 
28.860627 
13.023281 
8.809250 
19.202321 
40.220555 
14.102126 
17.571966 
7.512944 
13.696039 
18.661362 
6.302678 
25.113127 
7.275892 
14.357959 
5.606976 
9.658340 
6.182104 
5.695388 
15.895026 
18.987510 
17.577934 
12.199470 
28.613218 
13.323776 
16.939197 
7.815994 
16.764424 
14.582254 
5.993482 
31.388916 
16.906120 
28.882621 
17.763238 
5.815675 
15.745714 
21.372409 
5.548157 
35.373680 
8.883112 
18.466625 
19.353606 
20.843079 
15.384785 
4.840108 
0.183782 
25.267042 
35.660927 
10.236120 
33.066378 
15.235878 
15.937774 
36.371882 
7.706671 
6.330534 
14.195013 
30.229277 
35.818353 
34.828462 
14.523489 
12.503820 
24.073376 
21.137703 
35.064719 
22.245474 
6.333417 
38.087022 
33.157603 
27.015268 
7.880757 
25.078423 
2.754172 
16.386349 
13.222218 
35.509113 
37.482913 
32.970631 
8.064640 
34.708943 
19.989408 
18.855651 
38.895561 
14.436713 
6.951962 
34.887929 
29.085702 
0.245369 
7.743088 
14.438370 
12.499826 
18.453206 
11.045763 
17.502865 
15.608248 
22.317207 
14.749903 
17.877675 
5.626546 
18.314128 
21.468583 
38.850971 
12.708792 
14.669880 
13.210480 
23.689974 
15.576647 
10.540773 
5.697811 
17.290570 
6.308930 
15.556615 
13.596605 
32.245439 
19.532937 
12.858856 
5.858177 
14.801691 
5.597972 
5.709538 
18.763188 
34.461505 
19.213050 
19.681892 
27.642268 
12.949533 
35.076870 
12.410891 
13.213425 
19.221035 
21.932902 
5.878106 
16.383780 
22.735892 
13.090078 
35.817566 
12.124888 
17.685797 
15.262032 
14.947364 
18.904220 
16.896762 
18.618628 
7.063683 
19.419220 
23.562509 
25.901405 
11.755791 
14.196963 
36.164297 
15.155076 
30.203423 
8.930144 
1.739266 
10.400170 
12.105633 
22.716210 
16.314526 
21.890386 
22.750174 
15.929044 
13.952089 
22.453597 
25.231296 
16.304818 
18.710205 
6.793500 
7.328673 
19.778271 
14.003205 
5.044797 
15.566977 
22.441577 
5.463774 
13.858167 
8.743833 
39.008537 
12.427287 
13.770844 
7.978919 
6.031820 
8.268445 
14.948730 
2.936298 
22.773144 
14.107208 
6.213259 
15.509658 
9.798245 
20.968999 
35.268077 
6.072082 
14.262175 
8.779151 
15.046139 
25.910384 
11.159696 
15.514998 
13.388098 
16.747759 
21.783131 
8.398419 
13.560550 
35.104481 
12.985269 
17.980787 
14.636082 
25.479335 
8.645236 
9.931562 
8.454718 
31.797434 
9.220249 
23.492721 
14.753238 
5.240113 
8.406323 
32.761816 
6.480598 
8.749152 
6.482651 
7.219502 
4.769809 
12.076124 
2.501177 
42.722488 
14.457074 
8.513659 
34.481196 
11.043377 
9.194951 
27.024496 
22.265334 
6.799331 
6.031667 
6.491184 
26.053481 
12.307041 
12.414200 
13.491817 
12.635528 
16.365643 
25.700589 
15.317725 
6.355098 
13.909139 
6.325438 
15.022478 
10.838756 
13.972178 
22.565370 
18.340258 
13.829852 
35.710693 
3.014556 
10.846106 
11.685167 
17.832458 
13.496979 
22.647886 
9.628953 
16.466946 
14.687362 
7.735739 
10.230245 
11.260503 
4.128375 
15.379958 
17.034782 
8.728793 
11.673902 
13.579371 
10.753609 
11.104251 
35.932112 
7.495326 
7.628069 
5.463454 
15.354304 
2.470186 
18.124542 
30.627451 
4.414565 
8.554701 
8.888068 
8.407925 
10.740886 
6.537648 
5.618531 
7.466702 
7.281072 
33.206862 
4.198191 
15.006708 
7.510639 
16.777477 
16.015349 
10.797699 
32.419413 
12.758440 
14.490036 
11.833469 
20.420861 
19.016115 
8.283642 
10.528204 
8.531131 
7.544047 
7.895292 
8.344679 
7.573792 
36.711871 
10.469450 
8.309566 
5.596442 
24.128486 
12.935429 
26.568660 
6.145233 
13.242304 
6.170736 
16.278190 
28.863474 
14.248395 
9.648254 
14.489561 
8.682353 
17.003299 
23.619706 
14.775657 
15.957071 
15.616127 
7.634748 
5.054199 
6.207026 
32.672866 
26.200102 
13.979700 
19.272290 
12.754799 
18.250476 
4.400130 
22.261327 
7.146210 
6.978204 
14.015049 
14.874285 
11.581100 
5.552652 
3.108315 
6.099732 
12.160841 
27.984750 
15.661481 
15.235513 
30.113885 
13.674003 
12.006691 
8.180115 
14.047867 
16.450541 
12.996373 
7.758562 
5.878965 
22.801691 
10.162639 
14.023655 
22.371724 
11.510498 
13.960747 
6.302817 
12.846223 
7.642432 
23.410899 
14.371114 
13.986943 
10.020899 
10.511935 
11.866837 
12.839684 
12.583803 
2.769878 
34.758354 
15.372943 
5.849662 
11.621524 
12.857927 
9.880073 
6.105810 
42.719016 
14.344346 
5.854503 
13.733345 
5.679591 
12.536445 
10.614839 
21.274114 
22.217639 
14.135667 
12.135598 
6.368574 
5.787464 
8.205506 
13.958906 
29.017956 
14.105809 
11.598909 
0.201244 
11.818576 
19.151145 
17.770181 
35.946976 
13.206565 
13.738894 
10.419251 
8.473776 
15.679343 
6.361176 
8.279584 
4.703485 
16.678367 
11.604422 
18.410505 
7.982266 
9.359932 
14.720757 
13.609122 
11.628216 
15.481235 
18.051085 
3.070290 
37.700268 
11.059791 
2.738212 
21.507143 
11.466769 
15.044544 
30.506097 
42.145055 
14.021328 
15.804747 
2.691980 
8.218999 
9.210774 
13.383698 
13.733714 
9.748930 
16.642000 
5.850001 
8.801310 
6.901583 
12.102693 
7.354673 
14.773767 
10.241663 
15.943821 
40.047476 
5.575169 
5.282367 
4.465778 
12.005754 
18.932703 
9.835975 
36.113346 
32.621155 
6.375682 
5.614549 
12.740061 
36.570714 
14.214627 
13.982267 
24.798138 
28.954463 
11.371274 
12.001836 
4.775859 
7.972185 
10.494078 
7.894267 
17.124994 
14.337220 
40.221948 
15.085363 
11.871957 
35.983158 
18.915780 
16.963416 
16.013171 
14.138401 
7.872445 
22.810790 
18.332645 
19.389548 
30.042107 
6.564230 
11.646293 
26.138864 
5.633293 
3.617465 
19.296546 
7.738303 
13.100133 
20.967870 
5.377927 
11.381474 
17.761438 
10.616469 
13.948986 
12.462878 
28.507816 
7.487232 
15.062270 
19.563626 
12.906677 
12.248076 
9.150582 
12.370257 
35.268911 
39.057100 
6.041695 
7.209296 
20.212553 
6.250620 
8.763042 
7.366715 
11.963794 
8.152290 
6.049538 
8.084100 
8.487265 
13.810737 
20.193152 
9.192915 
15.215596 
21.490964 
7.854115 
35.664363 
12.091123 
19.449208 
22.598849 
9.896031 
18.334990 
13.223169 
29.304689 
20.470280 
7.460473 
6.973359 
10.317465 
17.388892 
16.187409 
23.124621 
13.413527 
19.863171 
15.049675 
33.353608 
8.453688 
13.718542 
13.710310 
36.522069 
15.940278 
14.179773 
14.164658 
13.914287 
18.054311 
10.555336 
16.029954 
21.440067 
8.803851 
16.367129 
11.184388 
17.309718 
6.075165 
5.542106 
21.021952 
12.728036 
21.996346 
15.183847 
5.321386 
26.943508 
29.805760 
8.934318 
12.377571 
12.885550 
22.827442 
23.164069 
4.618527 
22.351826 
6.497760 
5.200349 
13.955941 
11.888862 
15.318715 
25.118186 
14.447788 
8.603893 
20.828084 
8.461324 
34.075433 
8.318012 
5.679998 
23.193886 
22.078198 
11.446184 
6.132063 
28.451740 
13.199300 
16.541429 
17.806223 
8.665727 
11.916811 
26.688918 
2.305477 
8.898363 
17.141699 
14.221951 
8.448064 
5.959447 
33.345178 
24.481726 
21.306744 
13.842558 
22.927200 
11.969583 
11.796648 
10.722589 
34.020158 
21.867009 
29.992305 
7.496000 
18.420889 
11.805511 
10.841783 
