44.313646 
43.035342 
45.082589 
44.404121 
37.478154 
43.549263 
41.403451 
45.683928 
43.076508 
44.487047 
46.217935 
43.144960 
45.374096 
43.098898 
37.452340 
44.002930 
42.280670 
45.156441 
45.731451 
38.171153 
42.960891 
41.083138 
40.722798 
44.300819 
48.399680 
42.067854 
43.473779 
43.242616 
39.363650 
40.643641 
37.911962 
43.013512 
44.938267 
43.943082 
44.785070 
48.136192 
43.268381 
44.421545 
40.850145 
40.039998 
44.713658 
41.746022 
42.769850 
39.249420 
38.526700 
40.151544 
38.126535 
38.460017 
40.063672 
18.602819 
39.502053 
46.125557 
43.852099 
49.000000 
43.368098 
49.000000 
39.531313 
44.135155 
41.852724 
35.719853 
42.195143 
43.127060 
42.434461 
17.981567 
40.788648 
41.749077 
42.615631 
45.115184 
37.649666 
49.000000 
44.806717 
45.185949 
40.940879 
37.764742 
39.586796 
39.250490 
42.556426 
36.285966 
41.317638 
41.079787 
42.516513 
43.684598 
43.209130 
37.564058 
27.683598 
43.900620 
48.494162 
41.315043 
45.636689 
25.654131 
44.877575 
42.607966 
38.090996 
43.031539 
43.677700 
37.588954 
39.835244 
37.009040 
42.897032 
38.089053 
41.821244 
46.295573 
42.364811 
48.380140 
43.888020 
43.273698 
37.817833 
30.721358 
39.161536 
39.115750 
27.759836 
41.885785 
43.087748 
44.238274 
42.897141 
46.458592 
43.358953 
46.530936 
43.169362 
44.204167 
46.262051 
20.718206 
43.768366 
42.119191 
48.451092 
44.094424 
43.434284 
39.915828 
42.779375 
40.659844 
49.000000 
37.385214 
41.569134 
43.076353 
41.565839 
43.952764 
20.675663 
44.042162 
40.838779 
49.000000 
43.744681 
42.877315 
41.862832 
42.247124 
42.250911 
39.418287 
37.039582 
43.951901 
36.819165 
40.121832 
45.042397 
34.890682 
37.212934 
19.009445 
42.967828 
46.364431 
44.875575 
40.834476 
42.937990 
42.897418 
37.841390 
41.437442 
44.385535 
44.155741 
42.722834 
39.266919 
44.735515 
24.346883 
44.528784 
19.279707 
42.085666 
27.042556 
39.949922 
41.192052 
42.842598 
41.883838 
39.205638 
38.931879 
41.931673 
49.000000 
31.265969 
42.707973 
42.641360 
42.003534 
43.517826 
43.735110 
42.739642 
43.572723 
42.304607 
42.724090 
43.482903 
40.381508 
37.727878 
19.516548 
37.588863 
43.293767 
45.478942 
37.563514 
44.974648 
46.289940 
43.846841 
17.874096 
42.301869 
45.931903 
43.536437 
46.425398 
42.583051 
43.488697 
41.673749 
44.469893 
41.769103 
38.124933 
40.618237 
42.323762 
17.963639 
42.377623 
42.806649 
42.256095 
43.245043 
45.522189 
37.415012 
49.000000 
36.338750 
49.000000 
39.794998 
45.728706 
38.343877 
45.027896 
43.293997 
39.730474 
42.245279 
44.418248 
40.397793 
41.624916 
39.722924 
40.421205 
44.079473 
49.000000 
39.406917 
40.236095 
37.928590 
39.726769 
36.369301 
34.182660 
40.529269 
44.115545 
39.549701 
41.774199 
39.945584 
43.027422 
41.911391 
37.918949 
43.999264 
32.059409 
41.897135 
22.378225 
42.198269 
49.000000 
17.816665 
32.365281 
42.905903 
37.087591 
43.930242 
42.527801 
42.801998 
43.767195 
43.484003 
43.490563 
42.154672 
44.429456 
43.948625 
43.817148 
42.615643 
45.628525 
42.717106 
40.204871 
42.731286 
40.355365 
37.234130 
36.979941 
42.609632 
41.694483 
41.740318 
46.158914 
39.389867 
41.232170 
17.917099 
30.633351 
42.844777 
40.839370 
42.950005 
43.012114 
45.697483 
43.085752 
45.688178 
36.716420 
42.631009 
45.095463 
45.829912 
45.283047 
37.445918 
29.164408 
46.236533 
42.919138 
46.011555 
46.180896 
37.245540 
42.514916 
42.780663 
37.917613 
43.557045 
42.905553 
45.265212 
42.385123 
30.298915 
41.527983 
20.956952 
44.812606 
42.187980 
42.947692 
42.550759 
42.921344 
45.925483 
42.795293 
39.452018 
38.313850 
45.658736 
45.091429 
45.611852 
43.754251 
44.264829 
45.115306 
43.026098 
38.372240 
37.833241 
44.483614 
36.902381 
45.641540 
42.845881 
36.901148 
41.157165 
43.789944 
42.060242 
42.778543 
39.285423 
46.334831 
39.853578 
43.707133 
38.866124 
40.275622 
45.245431 
39.175494 
45.672117 
42.361091 
40.112283 
40.200828 
45.766071 
45.155083 
37.064979 
43.249412 
43.098375 
45.439135 
45.886231 
38.049131 
23.277066 
19.909873 
41.539496 
37.664680 
44.378072 
43.233627 
44.458823 
18.649142 
45.275442 
43.140789 
43.112842 
43.254684 
45.032890 
43.729868 
39.866780 
40.343137 
43.904818 
42.906972 
44.757942 
44.350120 
42.930632 
42.837107 
39.419229 
45.701355 
39.229048 
42.761984 
45.076865 
49.000000 
44.192858 
43.647084 
27.306844 
40.898699 
40.174945 
42.961902 
42.959436 
46.087018 
45.215285 
45.681389 
38.019764 
46.000758 
37.810293 
45.404442 
44.213246 
45.759315 
39.019782 
44.976116 
41.791176 
37.209823 
45.482694 
17.816650 
37.687562 
38.870853 
41.470000 
43.079118 
43.541285 
37.371657 
42.725345 
44.483224 
47.584100 
42.011199 
42.285280 
30.149425 
41.774028 
39.915484 
44.444517 
39.798390 
41.192397 
42.319674 
40.118769 
38.047111 
42.123303 
43.400587 
43.773581 
44.298388 
45.390954 
24.386285 
44.698137 
43.589296 
44.812093 
33.102573 
23.650661 
18.540461 
43.586172 
44.571468 
44.205498 
44.018891 
41.951697 
41.948363 
41.711341 
40.771328 
17.816770 
42.067137 
43.627074 
42.520349 
42.292630 
43.470562 
45.778898 
37.531901 
42.268514 
45.179191 
45.350829 
37.485481 
40.439861 
42.823864 
43.422698 
42.961712 
37.371999 
42.584745 
41.238527 
37.027650 
44.390561 
39.335069 
45.185564 
40.178104 
37.721428 
43.584423 
44.861713 
49.000000 
38.595922 
44.020673 
42.172125 
44.344531 
46.557931 
39.393536 
40.787180 
42.743043 
43.192525 
42.309941 
44.715602 
39.494361 
37.067746 
43.671343 
37.107871 
37.682646 
49.000000 
45.759404 
42.996220 
42.570032 
44.470920 
18.174839 
45.632561 
38.066362 
44.884944 
46.212552 
43.796538 
45.379095 
43.709580 
46.641524 
39.852878 
42.246338 
37.424824 
44.870035 
44.190304 
44.203951 
45.044969 
37.674270 
17.820195 
37.821465 
43.378955 
21.063115 
42.157607 
44.673614 
41.766479 
39.077479 
41.445271 
40.959771 
43.605157 
42.598226 
41.077940 
44.744824 
45.484997 
40.982051 
42.932797 
45.585171 
38.096868 
41.162907 
21.373727 
45.443591 
40.399329 
40.774554 
37.180621 
39.407496 
43.567222 
43.198507 
43.946636 
37.830510 
36.809895 
39.905469 
38.559889 
45.366976 
39.680958 
41.921667 
45.199527 
40.196489 
45.584479 
41.379079 
46.108993 
39.276425 
40.665929 
44.105891 
42.757200 
42.632600 
42.783557 
42.402418 
46.245155 
39.428797 
47.684735 
44.120987 
42.415753 
38.090339 
41.900941 
40.956735 
45.651188 
46.255299 
44.558260 
42.045622 
44.163644 
43.867398 
39.717533 
47.411844 
45.247561 
42.819798 
45.014573 
45.618734 
45.946446 
41.611695 
42.304290 
25.471782 
49.000000 
28.168648 
43.534221 
43.421349 
42.420682 
49.000000 
44.952348 
42.489978 
42.085652 
44.790489 
45.545580 
43.032745 
45.075730 
45.265461 
43.662742 
42.597245 
39.378690 
40.510775 
43.411091 
46.321556 
41.058041 
40.485636 
35.708757 
38.644127 
44.457681 
38.615145 
42.598844 
42.067642 
42.713034 
45.836575 
43.986258 
40.977339 
40.906477 
44.923288 
42.369451 
40.195690 
40.816162 
44.102319 
38.876474 
40.181780 
43.251300 
37.040012 
36.905034 
41.483822 
40.160375 
36.938742 
43.557241 
45.834275 
38.111555 
44.285999 
43.854444 
44.416275 
45.887418 
38.792741 
17.855358 
42.888751 
44.017775 
37.139364 
46.074822 
37.237383 
18.015918 
44.023971 
43.538993 
49.000000 
37.748015 
41.115799 
40.226435 
37.324040 
38.826350 
44.960865 
42.975171 
37.209422 
46.573529 
43.131479 
39.773274 
45.171603 
40.730019 
38.711376 
42.246095 
46.301570 
44.079153 
17.994920 
40.624942 
38.155765 
43.341914 
40.936577 
41.952510 
45.210438 
44.276557 
43.737678 
42.098800 
42.712680 
46.306021 
36.919970 
41.698535 
39.719659 
38.706635 
41.654784 
39.935718 
37.131872 
46.001591 
39.404195 
42.552023 
44.658048 
39.691002 
41.214719 
39.313187 
45.143007 
42.181200 
36.462776 
42.448390 
41.690528 
44.890866 
38.063300 
37.837015 
43.866034 
42.383950 
41.210149 
45.779209 
45.174709 
45.113832 
38.258009 
45.986183 
44.391798 
49.000000 
41.943061 
45.563779 
41.218837 
42.803584 
37.288893 
46.252543 
37.691553 
38.089070 
39.697280 
42.037951 
42.721335 
40.236161 
44.677449 
41.164138 
42.460398 
37.316534 
42.243501 
39.660712 
39.344390 
44.942391 
42.850004 
49.000000 
44.911330 
45.405749 
42.545834 
42.985335 
46.325379 
43.840624 
40.211922 
42.569617 
44.366166 
17.859814 
42.848187 
41.944646 
40.337404 
41.011138 
43.403793 
46.340624 
46.217029 
49.000000 
44.440248 
40.041424 
45.042961 
49.000000 
38.688832 
43.449968 
40.282107 
41.056575 
43.978823 
42.624341 
40.121964 
46.897239 
46.224005 
40.255073 
38.747428 
45.347216 
37.267093 
17.817507 
43.945055 
42.598492 
43.849470 
41.074242 
39.955373 
43.138492 
44.553417 
37.690567 
41.013074 
38.124807 
45.192783 
36.952680 
38.668167 
36.962765 
38.137518 
23.450823 
43.357489 
44.509585 
44.070868 
43.361877 
43.227654 
38.872056 
21.569885 
46.005083 
37.913842 
36.954971 
41.382196 
39.526072 
42.106281 
42.208732 
43.466738 
40.596639 
20.693215 
25.358515 
20.199883 
45.557982 
43.431550 
44.008596 
37.886152 
42.681928 
19.815530 
37.848192 
43.232921 
40.763189 
43.035869 
39.942661 
41.366551 
37.725991 
40.792447 
42.912979 
37.071151 
36.947708 
40.842033 
39.305585 
49.000000 
44.535314 
43.121394 
36.920347 
38.425149 
43.329451 
44.758827 
41.421095 
42.260758 
40.039608 
43.778270 
45.189748 
40.619842 
37.291970 
44.500024 
41.480349 
45.810489 
40.692735 
43.097502 
41.143937 
44.037891 
39.113194 
42.082697 
38.145384 
42.876444 
43.290596 
40.790312 
45.607166 
44.565891 
42.969025 
39.970646 
42.273815 
44.173849 
37.244433 
44.614891 
40.385675 
49.000000 
42.539384 
45.708256 
33.105904 
42.940293 
38.055380 
44.502942 
40.551516 
47.199324 
40.147437 
37.577273 
42.351943 
37.806501 
42.583096 
39.329717 
44.240854 
42.180825 
39.587989 
37.488760 
40.812883 
40.191716 
44.524076 
44.753082 
37.408175 
37.304311 
37.221810 
42.089078 
46.920422 
45.732755 
37.935468 
46.351543 
45.852950 
43.945224 
42.137394 
42.277811 
43.495722 
39.835114 
43.904703 
38.831053 
38.290569 
44.806943 
41.719346 
37.579530 
40.384569 
43.717553 
42.212786 
42.336372 
43.957121 
43.819179 
46.420466 
37.992985 
42.058670 
41.518544 
43.986664 
43.503501 
43.982576 
40.234970 
42.321217 
44.245611 
40.991851 
46.058060 
44.408832 
42.730069 
40.703452 
43.674133 
44.546487 
43.862553 
39.031267 
42.339153 
37.232874 
41.719649 
45.102982 
43.275268 
37.071474 
43.402845 
45.565091 
43.645521 
42.969627 
42.682705 
40.929583 
42.908822 
41.587468 
42.365918 
45.423906 
45.649398 
41.420080 
39.961543 
36.976229 
42.542385 
45.636829 
24.104411 
42.210252 
44.363897 
41.278582 
39.211414 
43.411128 
37.136572 
42.840987 
45.918490 
42.062948 
42.076564 
45.376951 
42.396168 
42.181510 
37.238944 
37.254653 
19.267314 
45.328610 
44.377607 
38.800368 
37.309188 
37.683855 
44.060522 
36.908517 
17.937148 
42.286837 
42.378968 
45.368009 
42.212598 
40.984212 
38.753015 
41.141454 
42.979373 
43.650342 
45.500816 
36.906197 
20.078446 
44.727037 
42.577983 
27.103998 
37.547715 
41.426180 
45.660001 
43.056517 
