36.847042 
34.935180 
34.143322 
35.750668 
36.887271 
35.215271 
31.716876 
30.363388 
34.576164 
32.494778 
35.517523 
35.729619 
30.651618 
37.455368 
35.160809 
35.697007 
34.886282 
41.533300 
30.765590 
37.824942 
38.154997 
33.049017 
36.204310 
32.675819 
28.102544 
36.783543 
30.187297 
37.533074 
32.550540 
32.675798 
32.849647 
35.895188 
30.647124 
35.798110 
34.177733 
27.455419 
33.115407 
35.968203 
34.161485 
37.787892 
35.679827 
35.598271 
41.533300 
35.000223 
35.709225 
31.005919 
36.850294 
36.611398 
32.808250 
35.061145 
36.415033 
35.653264 
33.311804 
26.925020 
36.365350 
36.842176 
35.745310 
36.086974 
34.601176 
35.228482 
34.560263 
35.161105 
36.350826 
13.264087 
37.569114 
33.888413 
35.929768 
40.807542 
34.988275 
27.717503 
36.619722 
41.533300 
35.888791 
32.097148 
36.080450 
35.023742 
36.210673 
35.155849 
29.988768 
27.133901 
36.668517 
35.819061 
35.244467 
36.222131 
19.707894 
32.614850 
40.202546 
35.848255 
36.773461 
36.697808 
31.275550 
34.786083 
36.006989 
34.429777 
34.088033 
32.646956 
33.397311 
21.169301 
36.179938 
35.999462 
35.559206 
27.758628 
34.978870 
36.110819 
32.493123 
32.901937 
35.411880 
27.238928 
31.540988 
38.503386 
35.132837 
35.125402 
36.313326 
34.882995 
36.900504 
30.893114 
30.993223 
37.002232 
31.406306 
34.926198 
36.873191 
27.015240 
32.598886 
35.390091 
33.790357 
35.575771 
31.727810 
36.784695 
37.256766 
32.555591 
27.814981 
36.480250 
35.066921 
32.766594 
33.310703 
32.661954 
31.269744 
35.063621 
37.028331 
35.229657 
37.408964 
35.252487 
36.364540 
32.093421 
37.027019 
31.324419 
24.299223 
41.533300 
36.746195 
29.460818 
36.974020 
33.238587 
31.657758 
35.644856 
35.580242 
37.541920 
35.513993 
32.110362 
34.223785 
29.696664 
36.705594 
36.819090 
31.432532 
34.234604 
34.796111 
37.569200 
41.088011 
36.608487 
20.062829 
36.854183 
35.020506 
35.237572 
31.694908 
32.134925 
34.219121 
33.717730 
34.972796 
30.427149 
36.071524 
26.833470 
34.466356 
33.570565 
32.874287 
35.391330 
27.637814 
32.761449 
35.148546 
36.042060 
35.709898 
32.449963 
35.409068 
36.333844 
35.543955 
15.512377 
36.739753 
35.503014 
35.962527 
35.466973 
35.728564 
35.032354 
38.689728 
36.870978 
35.918270 
36.984309 
34.216165 
41.533300 
36.017006 
35.454984 
36.198739 
36.569422 
33.114402 
30.412560 
33.618664 
27.430605 
36.872149 
35.444270 
32.331941 
32.746459 
35.295116 
35.580522 
36.351214 
33.209043 
36.830563 
36.661164 
34.514439 
32.400957 
33.401778 
35.134808 
30.146733 
34.789373 
35.775363 
29.854536 
34.280899 
34.945362 
30.668243 
35.518762 
35.071008 
29.340780 
31.932249 
32.925277 
32.895996 
27.598869 
36.885137 
35.693725 
40.262602 
34.924007 
31.837337 
33.154793 
36.197138 
35.567462 
35.723426 
34.161988 
34.614578 
41.533300 
31.385594 
35.057887 
36.409376 
26.839492 
13.094435 
35.499018 
36.081375 
36.553399 
35.446986 
31.476355 
35.139623 
38.126216 
35.152879 
32.003840 
34.044679 
40.016463 
35.533998 
35.942853 
35.038694 
30.857027 
35.535506 
37.896911 
36.113670 
36.359305 
35.158104 
20.963669 
34.027854 
35.519827 
34.663235 
41.533300 
35.537526 
33.060055 
36.800750 
30.496398 
32.418565 
34.754329 
35.230396 
36.186472 
35.979313 
35.107552 
30.604173 
36.823982 
34.890996 
35.772595 
34.348355 
33.820680 
37.213164 
31.435756 
35.862691 
32.869228 
33.957053 
32.034233 
36.303976 
35.192760 
41.533300 
40.349373 
35.566347 
35.326972 
35.826721 
36.113570 
40.299447 
32.638925 
34.320729 
30.805258 
33.257165 
34.936909 
37.598137 
35.099297 
32.174595 
35.488266 
34.429351 
35.186918 
36.999807 
33.531811 
34.997911 
32.531132 
33.640640 
33.794614 
35.805933 
32.978662 
36.350173 
34.975117 
12.810234 
32.372991 
39.837658 
13.117812 
38.864940 
36.362390 
35.595895 
36.222803 
37.140419 
37.038900 
34.827255 
27.355383 
32.434375 
30.322091 
31.956045 
35.967097 
31.997245 
34.971905 
35.810531 
32.569002 
37.088570 
33.450763 
19.528061 
32.973488 
31.642339 
36.752255 
36.840694 
36.629624 
33.962341 
31.759221 
35.227671 
37.444362 
34.688551 
35.530685 
32.754434 
32.474615 
37.053380 
35.474759 
34.837634 
35.468485 
33.662854 
34.383126 
32.790397 
31.494546 
35.133884 
30.802298 
35.771058 
33.506422 
37.160294 
41.533300 
30.393038 
40.985380 
35.012143 
36.187350 
36.789100 
34.511063 
32.539954 
34.875228 
36.849181 
32.545671 
38.964766 
34.862546 
36.032396 
34.338932 
27.886643 
39.728287 
36.321733 
41.533300 
34.266525 
35.704738 
37.148000 
37.143708 
34.511711 
37.672758 
34.562786 
34.353911 
30.251166 
12.766688 
36.391087 
33.203121 
33.781591 
36.093066 
36.505791 
30.704472 
34.992616 
32.145455 
36.830615 
34.162030 
35.298316 
35.657646 
35.396275 
30.372455 
41.533300 
34.959091 
34.366530 
35.298053 
35.430058 
34.024487 
27.372873 
36.435225 
41.533300 
35.451626 
35.148662 
26.938421 
36.529840 
35.325345 
35.087741 
34.813255 
33.091603 
36.757401 
36.630559 
36.016926 
37.414880 
35.993198 
34.322342 
33.593054 
33.723173 
36.215141 
12.897741 
30.253646 
41.533300 
35.942197 
35.152208 
38.618410 
36.822889 
36.556207 
30.242133 
31.583573 
36.960303 
36.635272 
32.717358 
32.873800 
35.367542 
35.900670 
36.675031 
33.193836 
35.129343 
36.740018 
41.515249 
30.111100 
34.736088 
41.240171 
36.863989 
31.587753 
33.459602 
35.085718 
31.566143 
36.586296 
32.437530 
36.305641 
30.929882 
35.143568 
36.921072 
34.619496 
35.728753 
33.809101 
31.507398 
35.153949 
36.856584 
35.102825 
36.342265 
32.096917 
34.855496 
35.285924 
34.319241 
29.002116 
35.335211 
36.741198 
36.402310 
36.808755 
35.171515 
35.951526 
40.624831 
33.488400 
29.743839 
35.825616 
36.648954 
35.508902 
36.480306 
36.598561 
37.594385 
35.691941 
33.161098 
36.423450 
12.769554 
31.701773 
32.017068 
32.453762 
35.621534 
36.750837 
35.250654 
36.174127 
32.892795 
34.201982 
36.527976 
32.763956 
32.144975 
32.013824 
30.316899 
35.059124 
33.692109 
29.443503 
36.265007 
35.761468 
32.226437 
31.883713 
37.125476 
31.908878 
36.489893 
37.291826 
41.533300 
32.779404 
33.772386 
27.144184 
17.283555 
35.454857 
33.678700 
36.779015 
38.253576 
41.069659 
41.470736 
36.479869 
20.472121 
37.785054 
41.533300 
36.557285 
35.273912 
36.331965 
32.772226 
34.038655 
32.172664 
33.843470 
30.400322 
33.344885 
31.773451 
34.840743 
33.238099 
33.464784 
34.189864 
32.844569 
30.493041 
31.635837 
34.518471 
28.893612 
33.562285 
35.643045 
27.354817 
36.380044 
37.368029 
30.162728 
36.297488 
36.625751 
32.214987 
27.467645 
36.564066 
36.687164 
26.900820 
36.858245 
34.755841 
33.590868 
31.665088 
37.484203 
36.553414 
32.758082 
34.418223 
20.040141 
30.072856 
35.374468 
37.117321 
36.913128 
33.409463 
36.309688 
30.151967 
37.558649 
35.266895 
36.669595 
30.231559 
40.626942 
28.110115 
32.935635 
32.116513 
32.883552 
32.486499 
34.401750 
33.960545 
36.840993 
36.727929 
36.939942 
36.458282 
39.538290 
33.411132 
37.033951 
34.893780 
35.587040 
30.723168 
38.192193 
35.493619 
16.307203 
36.434219 
38.690557 
31.855314 
36.411259 
35.914797 
35.645791 
36.399917 
34.077642 
33.516582 
36.634829 
29.952609 
34.555465 
14.364207 
33.539883 
37.019667 
12.881191 
30.205415 
36.793896 
14.003648 
41.213290 
36.414199 
27.092983 
36.824553 
30.484627 
35.999305 
36.361829 
34.822244 
36.426106 
36.995043 
36.996725 
35.966300 
35.236396 
36.984474 
36.098608 
30.468424 
35.664104 
34.443456 
27.482159 
36.431985 
36.236057 
32.646071 
36.948273 
34.120469 
30.967575 
33.892829 
35.081702 
36.428811 
27.570693 
33.894114 
33.470077 
33.749589 
19.826627 
35.917489 
34.014013 
37.108354 
36.971888 
36.006029 
36.560764 
36.324180 
36.616860 
34.408570 
32.278407 
36.323026 
39.609710 
38.551235 
30.129381 
28.095559 
33.315496 
36.323542 
27.758725 
34.838085 
35.512533 
36.817060 
35.156757 
27.661827 
35.319748 
30.364203 
35.902497 
34.292230 
32.884761 
36.614691 
41.533300 
26.980577 
32.593567 
38.812438 
36.225223 
35.699693 
36.803786 
40.322115 
33.426947 
36.749048 
31.083088 
39.031929 
38.310500 
36.383755 
41.533300 
30.477104 
35.140997 
36.388590 
38.314943 
31.224723 
36.492902 
32.797660 
33.858194 
34.308838 
37.586401 
31.888171 
41.526634 
35.835254 
30.063490 
33.840240 
35.045191 
34.499025 
36.878958 
13.636971 
35.393670 
36.118630 
34.731593 
32.713419 
34.430233 
36.925010 
36.768397 
26.912035 
32.959516 
36.457245 
33.277288 
27.903765 
36.342821 
32.044748 
34.720799 
38.359622 
40.319156 
36.897231 
30.763039 
32.632615 
39.391185 
32.586995 
33.148792 
32.205308 
36.866691 
36.440684 
38.112399 
32.091538 
34.023691 
35.193950 
37.211191 
34.198164 
33.839190 
36.464652 
35.678509 
36.824513 
32.569154 
13.044898 
32.118736 
14.048310 
34.690475 
34.739745 
32.703685 
36.168357 
37.489813 
36.662271 
33.541714 
35.010288 
12.879894 
33.115285 
34.298646 
13.402270 
35.578650 
36.318430 
37.372939 
35.437051 
41.533300 
30.348886 
27.852484 
36.689248 
37.098754 
30.144676 
34.474913 
31.543995 
36.691831 
36.454690 
37.082614 
36.580883 
34.096733 
36.598151 
41.533300 
36.560104 
32.824781 
34.127322 
32.218916 
34.088288 
36.763753 
15.761628 
39.561151 
37.144063 
37.546504 
34.065692 
36.048020 
36.711874 
29.129660 
31.278363 
33.995083 
34.085710 
32.186273 
34.570114 
40.070297 
33.027031 
36.665625 
20.500859 
32.734775 
36.135156 
36.612626 
33.881613 
35.964636 
37.250985 
36.713153 
36.746363 
34.446074 
33.683728 
35.690347 
38.456281 
32.826016 
38.033493 
39.057546 
36.645980 
34.467419 
36.814594 
29.930733 
36.871679 
37.003646 
29.722413 
28.062982 
41.353271 
31.480661 
31.476423 
37.205765 
21.198636 
32.090954 
34.330949 
36.947337 
31.477154 
15.955142 
33.464216 
36.769684 
39.454564 
35.488591 
36.924264 
31.829009 
36.708234 
36.502054 
35.194028 
30.277564 
27.773024 
29.808630 
36.776150 
31.954162 
36.786625 
27.846627 
36.621630 
36.958288 
36.868115 
36.625169 
30.752161 
30.042029 
37.170090 
36.980763 
35.472403 
35.032946 
31.823291 
31.493720 
34.187571 
33.705584 
33.715724 
37.204969 
33.717607 
35.796841 
37.008935 
35.441442 
41.533300 
31.528927 
37.202636 
32.472399 
39.775741 
35.145671 
28.844333 
35.448834 
37.061046 
39.374679 
30.974790 
36.025754 
31.436628 
34.058369 
36.571037 
35.947946 
30.514911 
32.410639 
34.545022 
34.864003 
35.151319 
34.841972 
36.712429 
34.037919 
32.337513 
32.987917 
36.875890 
27.458752 
30.662915 
36.563168 
35.431984 
34.142096 
28.060525 
35.487513 
35.627625 
31.418975 
33.682957 
30.992955 
36.807830 
36.129390 
13.125754 
34.936768 
36.394252 
28.127128 
27.521144 
35.429965 
36.708847 
38.151990 
37.848731 
36.470798 
33.600048 
36.850111 
32.328803 
33.801266 
28.010005 
36.226944 
32.782557 
36.791806 
29.075493 
35.649162 
38.169552 
35.432519 
34.620565 
36.513811 
36.854751 
36.310582 
13.336670 
36.833783 
32.386677 
31.436005 
36.906569 
32.517520 
38.754520 
37.889890 
32.343337 
36.002709 
33.463025 
32.256911 
17.564150 
41.533300 
37.670103 
35.479139 
31.121458 
32.744282 
36.996244 
36.439544 
33.225578 
