4.033213 
19.376038 
13.621130 
9.738374 
11.279996 
7.196470 
23.260375 
8.962949 
25.054415 
9.398194 
21.778330 
21.345901 
13.205235 
24.245321 
14.992599 
25.050931 
25.124294 
13.364358 
11.864446 
17.643984 
12.763501 
13.118243 
11.486061 
8.909841 
5.484560 
17.841459 
6.614632 
16.876383 
13.156070 
25.219947 
19.591421 
12.316807 
8.425894 
33.156495 
20.415043 
5.428974 
23.204066 
12.842922 
20.295740 
8.981275 
36.280407 
22.460599 
11.402792 
12.094926 
13.997484 
7.946907 
9.376113 
9.652961 
18.071021 
30.735795 
3.547681 
13.056704 
7.687305 
7.188799 
15.959564 
9.817660 
16.392628 
35.672771 
25.212299 
9.629516 
25.103558 
16.541582 
3.657218 
4.651647 
9.529464 
18.928752 
32.219605 
16.050439 
20.040912 
14.379132 
13.083496 
8.084829 
12.819676 
16.087940 
22.939719 
11.533862 
10.934042 
28.652452 
11.249626 
6.182838 
10.318513 
25.364428 
16.359826 
9.432830 
4.044431 
16.999504 
8.620371 
16.516663 
11.112169 
3.105492 
16.404876 
24.496577 
17.571278 
23.049236 
6.525599 
14.508885 
23.411986 
14.894134 
27.362604 
18.350214 
21.056724 
6.217297 
23.997887 
14.433553 
14.469766 
17.584907 
28.965362 
7.019566 
21.601891 
11.404479 
35.270965 
17.267376 
20.405833 
24.457102 
5.187443 
6.411986 
13.469870 
11.779388 
15.435472 
19.209164 
8.678853 
2.384918 
11.307558 
17.088780 
6.658584 
10.321470 
11.843287 
16.709081 
14.220120 
13.694017 
6.549207 
7.237536 
11.084531 
27.692549 
13.531037 
11.775021 
35.909382 
34.772337 
6.499832 
27.462150 
20.392593 
25.783781 
25.187735 
13.375516 
19.625852 
15.091683 
3.937737 
13.315970 
8.471441 
22.920221 
12.820541 
16.779465 
19.354754 
32.420506 
30.729382 
8.729293 
18.786587 
19.439700 
13.639984 
5.677675 
12.054789 
17.050143 
8.458151 
45.642226 
33.586412 
23.221015 
14.624915 
3.491415 
5.049032 
3.345935 
21.743668 
13.892545 
11.416857 
26.671945 
11.461298 
24.749588 
21.202111 
10.787120 
21.323017 
2.629173 
19.646805 
40.120105 
13.829151 
35.457665 
6.655378 
20.904528 
25.003808 
18.312513 
24.957840 
21.567389 
26.084873 
5.320513 
12.218206 
4.503971 
14.883804 
8.284407 
13.131721 
16.269119 
15.946170 
23.794295 
16.220904 
15.054703 
17.628236 
11.698062 
16.341402 
10.255989 
6.319114 
33.044001 
17.405781 
9.438012 
16.078689 
7.342069 
24.619847 
7.531217 
11.521702 
19.410001 
16.670565 
10.838307 
16.526324 
16.351806 
24.640385 
34.011040 
9.578905 
14.966864 
22.923328 
34.670569 
8.471461 
23.651277 
5.516435 
10.350038 
16.328451 
19.954929 
17.361141 
6.322148 
10.437612 
15.896161 
31.003474 
5.954184 
21.942508 
18.497529 
12.019882 
19.357497 
8.358393 
16.374303 
20.757513 
30.646599 
16.609108 
27.894740 
18.333243 
26.557840 
27.371146 
21.110572 
25.412874 
16.633326 
6.154747 
28.598700 
6.307545 
4.672351 
3.314839 
32.082446 
16.816812 
8.733732 
11.418847 
8.913776 
31.337968 
13.524169 
17.555791 
12.985542 
27.232423 
17.481891 
13.284722 
24.315746 
23.644491 
11.279993 
16.753587 
11.916362 
23.940479 
29.646778 
16.526033 
3.491155 
21.749168 
31.857623 
20.737574 
13.416053 
31.937975 
13.106550 
8.920532 
36.688166 
11.239343 
43.602639 
14.170023 
9.879359 
17.880031 
18.923451 
10.055256 
8.956403 
22.362230 
31.508241 
17.311182 
15.861240 
15.650947 
31.855577 
9.964469 
32.442971 
33.806231 
15.524583 
8.463842 
25.765447 
10.729147 
10.201339 
30.098585 
26.202715 
13.699723 
20.526515 
32.757549 
22.815024 
15.485308 
11.673775 
23.880915 
31.232596 
12.619099 
19.026863 
9.925116 
13.458316 
28.433036 
26.213846 
11.436382 
12.413796 
21.271114 
16.792183 
22.304154 
21.267349 
20.390447 
14.357011 
10.819702 
35.933703 
3.157408 
12.999418 
18.101847 
14.848356 
20.009350 
16.657660 
23.658415 
17.750412 
15.504646 
11.060861 
40.006483 
10.493927 
15.038235 
20.388151 
20.966082 
21.181917 
6.363236 
16.707894 
26.054424 
19.839787 
12.583288 
12.589939 
3.266656 
28.348167 
35.341780 
6.779234 
15.348991 
15.641836 
34.803423 
36.059141 
17.882649 
12.260493 
10.232298 
26.304428 
13.634920 
16.081757 
20.426955 
34.111388 
16.074751 
18.530997 
8.592637 
15.208666 
18.642682 
6.097789 
23.731194 
7.021752 
14.753218 
6.740782 
10.806715 
0.820425 
6.867442 
16.326662 
17.272825 
16.981301 
11.816293 
20.029987 
11.318746 
24.122891 
9.454773 
21.461497 
18.004380 
7.547249 
30.117488 
13.900048 
16.323507 
17.941025 
5.878649 
16.277996 
17.945311 
9.782528 
31.693226 
11.624407 
21.970939 
14.666545 
21.285761 
14.891834 
7.648532 
3.143547 
25.354439 
35.216845 
11.167258 
21.048361 
15.315940 
23.960236 
28.475461 
8.428878 
9.285478 
16.929837 
27.547491 
36.961730 
33.703041 
16.577255 
13.742751 
22.738835 
17.636322 
32.883575 
32.106756 
8.819605 
19.615668 
31.756494 
29.112682 
13.019435 
22.780767 
3.582144 
15.945076 
14.280389 
29.029391 
36.304222 
27.989752 
12.994639 
27.828427 
26.138925 
26.590648 
31.947049 
19.074765 
6.881972 
20.715716 
29.915864 
3.173225 
7.755113 
13.347445 
11.292863 
16.939647 
13.656950 
16.891673 
13.815007 
25.899243 
22.433248 
24.835156 
3.528300 
21.124426 
15.217955 
26.808452 
17.038670 
13.123040 
13.101229 
23.896043 
14.998783 
13.789260 
6.291347 
17.214361 
1.399609 
15.504219 
13.050877 
19.559589 
14.624053 
12.833032 
6.014095 
13.485886 
6.268651 
7.123630 
18.072646 
22.369451 
24.082851 
22.146619 
33.726128 
16.780959 
33.916844 
11.019439 
15.629562 
14.053206 
15.101579 
6.445276 
19.332862 
22.402102 
7.533746 
31.549196 
14.547700 
20.065268 
14.541041 
17.450389 
20.159188 
18.396710 
19.662044 
10.161818 
19.847137 
24.449539 
24.127790 
12.922158 
15.830569 
27.300495 
18.026368 
24.481499 
9.616757 
3.095029 
10.589350 
13.768762 
23.306310 
18.661288 
23.710364 
22.351128 
10.193942 
11.089062 
18.523450 
22.755135 
17.915608 
23.513404 
8.881391 
8.734222 
23.400202 
21.840236 
8.493809 
13.555464 
20.882786 
6.353673 
14.075968 
11.282316 
21.575003 
4.610349 
15.371476 
6.807613 
11.052805 
13.152911 
5.776128 
3.181015 
22.772706 
13.497369 
2.378296 
17.468070 
8.149569 
16.842592 
25.491721 
8.016806 
14.465319 
11.119627 
16.494940 
24.574358 
13.421537 
16.623115 
15.557900 
13.992934 
20.886480 
9.742386 
11.205364 
22.931672 
13.069148 
20.696528 
13.815364 
29.392316 
10.662308 
7.353975 
8.174743 
28.265315 
6.490523 
22.438135 
17.645574 
3.872905 
10.813794 
32.425692 
6.712176 
8.645183 
8.150111 
8.825769 
4.728139 
10.687235 
6.135819 
6.146008 
12.988532 
10.889436 
42.738709 
10.959882 
10.761955 
24.676827 
22.517433 
11.263887 
5.631088 
10.197334 
22.910000 
12.902419 
13.592294 
18.609442 
8.844936 
8.065311 
19.923210 
19.341751 
8.531326 
11.040688 
4.959254 
18.264310 
14.974675 
17.227417 
21.530250 
14.290112 
12.812746 
22.095913 
3.161802 
12.878702 
11.919791 
25.351303 
15.764110 
23.561458 
12.852279 
17.880432 
18.780228 
8.670741 
12.233127 
15.411269 
4.102069 
8.771816 
17.663986 
10.508185 
12.816542 
12.846935 
11.878637 
12.130115 
24.341271 
8.536046 
8.451822 
8.886781 
15.501765 
2.297474 
20.809323 
17.946337 
4.386902 
11.065560 
6.307178 
3.395586 
10.854812 
6.617740 
5.589271 
11.092011 
8.455195 
28.008041 
4.745929 
12.889341 
8.390647 
15.916913 
15.411316 
12.914743 
35.141784 
11.728309 
13.779612 
6.851445 
21.235275 
20.777615 
13.325650 
12.851608 
7.921725 
10.733986 
10.058469 
10.865703 
8.482855 
35.214906 
10.340603 
9.012797 
6.907327 
25.017135 
14.245057 
27.570804 
6.275565 
11.199647 
6.464420 
17.222589 
21.977857 
15.534693 
10.515813 
15.777549 
8.488086 
21.120074 
23.186984 
8.197953 
15.374358 
16.878216 
8.916713 
5.581362 
8.403521 
30.414538 
7.487828 
14.560482 
17.333582 
15.217865 
11.805128 
4.895441 
25.696327 
8.166863 
8.899209 
21.119911 
22.529177 
14.931300 
5.888268 
4.268645 
9.182355 
13.864718 
24.405429 
16.652319 
9.190879 
17.126241 
13.423392 
8.154053 
8.906586 
16.577811 
20.261680 
15.969721 
8.787260 
6.577801 
19.453112 
12.313016 
13.810593 
23.485904 
11.092541 
18.991825 
9.515376 
11.283686 
11.213079 
16.811139 
22.160205 
16.259932 
8.013788 
17.068447 
15.457462 
11.465273 
10.105680 
3.120127 
24.828387 
15.315640 
7.450304 
10.961651 
14.944223 
11.358538 
3.696208 
6.374658 
20.919244 
3.396507 
18.369569 
6.206870 
10.664078 
12.806777 
20.751407 
22.168411 
16.135228 
10.078703 
6.695054 
8.528363 
10.961914 
13.879418 
25.211052 
16.951824 
9.334001 
1.708652 
10.497217 
20.025127 
18.930810 
33.953743 
14.849574 
20.866725 
13.216683 
9.526838 
17.076822 
8.854280 
11.587360 
4.357309 
20.470038 
4.631233 
18.317791 
8.906537 
7.500920 
13.975326 
12.926726 
16.229847 
18.786407 
23.896085 
3.442691 
33.174167 
12.382176 
3.431653 
19.748526 
13.419260 
13.279047 
34.397451 
35.405109 
12.934094 
11.375702 
3.699451 
10.983209 
8.773995 
12.147037 
13.137749 
12.769580 
22.783015 
6.055534 
9.825569 
6.943663 
14.102027 
7.578253 
13.681183 
13.974522 
14.054295 
23.124058 
5.990782 
5.884634 
3.682328 
14.553833 
21.355156 
10.790249 
24.355180 
21.106216 
3.308097 
5.913694 
15.840240 
21.898595 
15.586025 
14.313627 
24.108828 
15.237892 
13.177006 
8.795468 
3.340220 
11.799201 
12.310898 
8.923707 
18.807708 
16.811991 
51.445179 
17.476222 
13.123569 
35.284739 
17.409865 
18.362359 
20.525776 
17.424531 
10.129244 
23.912638 
16.469469 
20.381200 
22.360280 
8.230389 
10.952672 
25.201484 
5.892308 
3.543641 
19.277618 
6.792017 
21.170092 
23.214413 
5.471423 
12.424730 
20.457889 
11.938867 
13.055733 
9.273353 
25.146032 
5.447159 
19.876739 
21.753598 
15.229445 
12.767110 
9.145957 
12.428797 
33.878362 
21.537726 
6.214749 
10.912837 
17.971103 
6.968892 
6.275292 
7.015931 
12.887940 
8.273337 
7.899868 
8.669772 
13.608672 
19.958858 
16.611126 
11.101101 
18.184869 
22.755477 
10.683120 
22.969923 
14.427678 
23.862608 
21.062819 
10.512519 
17.288552 
14.774308 
22.089864 
23.091457 
11.342389 
6.997383 
12.563508 
13.944024 
17.055679 
26.103296 
20.391316 
19.011631 
17.755625 
34.495311 
10.447842 
14.555913 
21.243211 
28.176158 
17.109580 
17.933532 
12.518743 
13.580413 
20.983325 
13.035542 
19.697393 
22.344775 
8.803500 
13.083983 
18.521017 
16.349143 
8.844358 
6.211592 
14.144964 
12.639126 
20.933940 
15.526960 
5.338092 
22.158359 
17.988235 
12.937272 
11.100801 
15.781701 
21.594843 
24.939509 
4.296533 
24.860000 
8.873953 
6.015627 
16.450559 
12.876207 
12.918220 
29.358970 
17.439850 
8.565017 
20.850164 
9.955305 
26.795629 
9.500313 
5.822016 
26.797811 
21.341527 
8.958740 
11.897496 
35.636367 
18.117983 
22.643635 
19.610621 
10.107810 
11.918924 
23.737152 
2.017926 
8.290073 
13.583993 
13.001444 
11.141703 
8.351734 
21.993352 
24.357979 
13.726519 
16.650361 
18.734873 
16.842697 
3.390159 
13.228104 
32.974604 
19.056287 
33.691593 
8.496103 
17.605775 
14.232492 
10.602234 
