5.934622 
24.127298 
17.785826 
7.813944 
10.525370 
6.626093 
31.492021 
8.349232 
29.584217 
6.599040 
26.754012 
23.387461 
30.916237 
21.070591 
20.705092 
19.172741 
24.203314 
6.914710 
11.142911 
23.894354 
10.173498 
16.103768 
9.844036 
11.662851 
8.368103 
20.089338 
6.865815 
28.349266 
20.916523 
27.266789 
25.665043 
10.738305 
16.600153 
31.267831 
22.735128 
5.382816 
27.364039 
18.044238 
19.545088 
11.007954 
27.407968 
16.817422 
6.455041 
11.384305 
14.612479 
6.800871 
4.886631 
16.648236 
17.761178 
14.752651 
5.014642 
19.023650 
6.749592 
11.154565 
23.578017 
10.777143 
16.810526 
30.628929 
15.404135 
14.566964 
17.801651 
17.942620 
6.525507 
4.145316 
6.461027 
11.016173 
26.403894 
22.056999 
15.539182 
10.430794 
18.337312 
5.192519 
13.576213 
17.269126 
20.220805 
12.955837 
8.999454 
27.789449 
14.627324 
13.485380 
7.044474 
17.585466 
13.617482 
7.257192 
5.810780 
13.580739 
2.910419 
6.796101 
18.835981 
5.923639 
20.937510 
21.339771 
17.466745 
23.756328 
11.019650 
13.841715 
25.111473 
16.778540 
24.594564 
17.220763 
18.373489 
8.665080 
22.900543 
12.194839 
16.128065 
12.161629 
27.527223 
9.877462 
22.690980 
7.426422 
33.667682 
16.676091 
15.293317 
30.784726 
2.203367 
6.034232 
14.501394 
14.970916 
13.836563 
28.286576 
5.437764 
1.722828 
7.218244 
28.096607 
3.529144 
12.252585 
14.083281 
14.205926 
17.063156 
16.265141 
6.205942 
11.355471 
10.606527 
27.500728 
16.572726 
14.558157 
37.764019 
32.156687 
7.078144 
13.301062 
17.955933 
10.996866 
17.992836 
17.509750 
20.068836 
17.117856 
4.084229 
14.486619 
11.357739 
32.404465 
13.534149 
10.563499 
17.106009 
25.930665 
15.592573 
4.766497 
24.741174 
22.186727 
15.118427 
6.476598 
17.602240 
21.651815 
14.421832 
31.205048 
29.244965 
18.162993 
20.556417 
6.610552 
6.524224 
6.927501 
15.960565 
19.826165 
10.636540 
35.338501 
12.408201 
26.143282 
23.964757 
11.971546 
20.456541 
2.714948 
28.065540 
34.870391 
15.190725 
13.492365 
10.396581 
33.577416 
30.012485 
13.373725 
18.772509 
19.940732 
31.705706 
4.874862 
17.204377 
5.174133 
12.826336 
8.404120 
9.512039 
18.428350 
16.215483 
17.469882 
12.298359 
10.960972 
20.624067 
14.948757 
24.425734 
4.867826 
10.062073 
29.614565 
19.537023 
15.179678 
14.993325 
11.335619 
35.145552 
14.627481 
8.346698 
19.552295 
15.413304 
11.523244 
6.505434 
19.224348 
13.777597 
31.444203 
6.926420 
7.225696 
28.035904 
30.589501 
12.201057 
28.245497 
6.136710 
10.090718 
10.488212 
21.999601 
25.630701 
6.911616 
11.524088 
21.081051 
25.345824 
9.030141 
18.114696 
15.908167 
12.346938 
13.224929 
6.505449 
21.636565 
26.751458 
29.651227 
21.210940 
30.468582 
10.798523 
20.367930 
15.163064 
24.880937 
18.362052 
9.336963 
6.275967 
24.082328 
6.154767 
8.736830 
0.793278 
28.160890 
13.177035 
6.578382 
13.589535 
15.326487 
29.053107 
27.578677 
27.310070 
27.398169 
28.668220 
24.090431 
7.836355 
28.700206 
25.622927 
15.371737 
13.810591 
16.570416 
21.910464 
24.517433 
26.608392 
1.743703 
24.271425 
30.508069 
28.678570 
14.611640 
29.179971 
14.538374 
9.651143 
33.300431 
11.853286 
28.133235 
13.502466 
7.194854 
22.837522 
27.992514 
10.763023 
8.398382 
30.056030 
24.497509 
21.998896 
26.745153 
17.150799 
31.929294 
13.086516 
32.244481 
22.365474 
16.451641 
3.810436 
21.136949 
7.481966 
17.156323 
29.911812 
24.462909 
15.912764 
17.486883 
29.680959 
31.233142 
11.517386 
14.373276 
21.971081 
24.201056 
27.064528 
17.790940 
12.870647 
8.989531 
26.141873 
23.317614 
10.937236 
13.517151 
30.584890 
26.802085 
26.408372 
28.212995 
22.041399 
17.006032 
13.006889 
29.352204 
0.943024 
18.151128 
21.085431 
6.547606 
20.249488 
20.896795 
21.383788 
10.802866 
10.947855 
16.093432 
27.622162 
32.160691 
17.865417 
31.145135 
31.104062 
18.150179 
6.365665 
10.594512 
23.697400 
33.482463 
17.791306 
13.254550 
1.735514 
31.109998 
35.712964 
4.536180 
18.948529 
13.588293 
36.446075 
35.896519 
17.979443 
17.305408 
9.135495 
19.029507 
28.635245 
27.209770 
19.501538 
34.716323 
16.669480 
19.212807 
13.176199 
9.713213 
21.082408 
10.597178 
19.012118 
3.555992 
21.249417 
6.655266 
6.395873 
2.046274 
11.790869 
11.957153 
14.108043 
20.892181 
11.582435 
10.958625 
13.847271 
10.652742 
7.217035 
27.481846 
17.485202 
8.113224 
19.435362 
13.592941 
30.275991 
20.912980 
5.058854 
22.746989 
18.269214 
6.875041 
28.734574 
13.387042 
30.000686 
28.997930 
30.907059 
22.303915 
9.567972 
0.250112 
25.929110 
29.260281 
9.615493 
28.541947 
11.300389 
21.791242 
33.231558 
12.773129 
6.979187 
22.885398 
24.683986 
31.295003 
21.133181 
19.524435 
13.149939 
15.180338 
20.505592 
30.481579 
23.230269 
8.664924 
34.424950 
23.473433 
18.892990 
15.907911 
27.998930 
1.794915 
13.734758 
15.203121 
27.386234 
33.650923 
31.086309 
10.919185 
27.249524 
24.043669 
27.125156 
32.448752 
28.145712 
3.408611 
27.742681 
17.037926 
1.093050 
7.045630 
13.843787 
10.501941 
18.266370 
10.108166 
20.124511 
14.774017 
29.566639 
24.606890 
15.120151 
3.431993 
29.439624 
18.102504 
31.351731 
12.646939 
20.921794 
14.861245 
29.305976 
6.191176 
31.546443 
10.408423 
24.052679 
2.662969 
13.739304 
11.110522 
26.148551 
12.312956 
18.176923 
3.940778 
13.921587 
5.299034 
3.362279 
14.295286 
29.281773 
19.762628 
16.911604 
28.282983 
15.822997 
25.676469 
11.178315 
15.255966 
17.505877 
17.809629 
10.774812 
19.035415 
24.295772 
7.728043 
28.595037 
19.235128 
20.468589 
9.172645 
14.154756 
22.550515 
18.567583 
20.411773 
10.302277 
18.006685 
16.535706 
29.541023 
13.666917 
11.157662 
30.463930 
16.363680 
28.622033 
19.655764 
1.009550 
24.952363 
13.884519 
27.252989 
22.971872 
22.324638 
16.638394 
17.090106 
6.274650 
16.457789 
28.571482 
27.180671 
27.755193 
12.062003 
14.729098 
16.104144 
16.703003 
7.260645 
10.660368 
13.873523 
7.061161 
16.696698 
15.277455 
37.286701 
3.790116 
19.220023 
3.476556 
12.591194 
14.112106 
12.489103 
1.362324 
27.268589 
16.160506 
1.710396 
18.053736 
5.777967 
17.943099 
22.726741 
3.594329 
18.076689 
5.570822 
23.912157 
21.787498 
14.648394 
15.597613 
28.667450 
17.769892 
26.080940 
18.699510 
20.359779 
31.519905 
15.745611 
25.743595 
13.476975 
27.121366 
14.735328 
7.039574 
10.025214 
29.062678 
11.887852 
28.620980 
20.933768 
2.486464 
10.110588 
30.567503 
3.492665 
7.040315 
7.609067 
12.255493 
2.154923 
9.466903 
4.343987 
34.980208 
10.818820 
8.260956 
26.160905 
9.094088 
10.047923 
23.900352 
31.473510 
10.614274 
3.291225 
17.273160 
20.298940 
17.264721 
18.718911 
18.149205 
7.189025 
12.693683 
21.150098 
19.968224 
3.608539 
16.621900 
2.433063 
30.470479 
15.603388 
20.743561 
24.135866 
17.742956 
13.859497 
35.738522 
1.859062 
17.057729 
7.506677 
24.608217 
21.968344 
24.129816 
21.367405 
14.537794 
19.314882 
10.692546 
18.064278 
19.882406 
5.257647 
5.229055 
21.770327 
11.501022 
17.619984 
17.589834 
12.649727 
15.628680 
30.763029 
14.637114 
10.284931 
15.273890 
17.173381 
1.075388 
31.856489 
29.794065 
2.733870 
16.905535 
7.841230 
1.483133 
30.513087 
4.203234 
2.654727 
14.455239 
17.289414 
27.552270 
6.573925 
23.006444 
6.861720 
22.238681 
11.781168 
19.750744 
28.943317 
22.374502 
20.968395 
12.245916 
25.779673 
28.771973 
30.284468 
12.141011 
7.177733 
12.211066 
18.175406 
15.701690 
16.283385 
33.119627 
9.093250 
7.436309 
2.808453 
30.356290 
17.019026 
25.025665 
6.057258 
12.931586 
3.623823 
17.180903 
20.101869 
11.461338 
13.562219 
11.306372 
10.283786 
29.832284 
22.974200 
7.860995 
16.483238 
17.862228 
17.826841 
9.221228 
10.415512 
27.011441 
13.288187 
23.505373 
21.114523 
17.461868 
12.999693 
6.098097 
24.711839 
12.056960 
8.523233 
17.738155 
25.777320 
18.910705 
2.925143 
5.744940 
10.053492 
32.264002 
27.251234 
4.997230 
7.919239 
25.312172 
12.121603 
4.393613 
17.248422 
22.022809 
20.801054 
18.335376 
19.684365 
10.363967 
18.436235 
14.829115 
10.299599 
17.601017 
18.266647 
28.482598 
8.527835 
10.844115 
7.242934 
14.601924 
16.267130 
10.585864 
4.496487 
14.316785 
20.468461 
10.374545 
5.315175 
1.309981 
27.627780 
15.205874 
11.048114 
14.728517 
13.373849 
6.510324 
1.534055 
10.908401 
24.542349 
5.891975 
19.577338 
8.988002 
10.622821 
16.568323 
24.289624 
30.670176 
27.031319 
6.474842 
2.786240 
4.645345 
13.101964 
12.403343 
19.589832 
22.193115 
10.274653 
1.239252 
6.144637 
18.060135 
16.836803 
36.940040 
16.705027 
27.600321 
22.967376 
21.934949 
18.214332 
6.309142 
12.194535 
6.912894 
17.643488 
2.944743 
22.560790 
18.717109 
7.256812 
15.075881 
6.924038 
11.333375 
29.146958 
24.807777 
1.648298 
28.799111 
15.900589 
1.823330 
11.561690 
10.577611 
28.497787 
26.799114 
30.085471 
10.141828 
20.431471 
1.698727 
6.786025 
14.342880 
11.215678 
14.346980 
16.708581 
27.371710 
6.769192 
11.772257 
6.415204 
17.608046 
4.785400 
12.074886 
17.326888 
19.658056 
35.292947 
5.223131 
10.091907 
4.477445 
18.262855 
18.139011 
17.823023 
33.215751 
23.217710 
6.454502 
9.746691 
29.490346 
30.620306 
10.996767 
17.527339 
11.720802 
27.043140 
14.790238 
12.178520 
6.187909 
13.202006 
13.001529 
10.639354 
18.040893 
10.631053 
30.446361 
15.396914 
17.163081 
28.988466 
25.448378 
13.387197 
17.425866 
15.484554 
5.409752 
27.999884 
10.387225 
27.160800 
20.094928 
11.876502 
7.970127 
24.186793 
2.824499 
2.930929 
18.537331 
4.100852 
31.086143 
18.881738 
3.414962 
27.975736 
11.336190 
17.173850 
13.795128 
6.831215 
24.619650 
6.910828 
21.947330 
22.521621 
27.797557 
12.603725 
14.651061 
17.633839 
30.337442 
32.589155 
6.579005 
14.044876 
17.818605 
13.687012 
10.597279 
5.788821 
14.061188 
4.105374 
6.728165 
4.516666 
17.247677 
16.991116 
25.668193 
15.205433 
13.173926 
28.763166 
12.703327 
34.002046 
18.096557 
28.076924 
31.953839 
17.684582 
13.241158 
21.319080 
21.556782 
23.557497 
6.478565 
6.757583 
18.398351 
14.544666 
19.822688 
18.126941 
29.452891 
15.907425 
20.145826 
18.371783 
12.945182 
22.017805 
29.229924 
30.596437 
18.234074 
16.150418 
17.601851 
21.285705 
22.245176 
10.240910 
26.960303 
25.892556 
5.859199 
12.746197 
22.566427 
17.495151 
5.233945 
10.500397 
18.285505 
11.416147 
25.968316 
11.018543 
6.070553 
21.897074 
19.912418 
17.175027 
8.945676 
15.584822 
26.797168 
16.842261 
3.812806 
20.838336 
6.431597 
12.908583 
9.210279 
29.740295 
11.132556 
21.503745 
16.493810 
6.726523 
27.910943 
6.976653 
27.671253 
8.467733 
5.057169 
21.556343 
18.088102 
7.083950 
11.034679 
21.069306 
25.425831 
28.654903 
25.892440 
8.555241 
11.950490 
22.608890 
1.098495 
6.115917 
24.794016 
13.644173 
7.252438 
9.243663 
27.099870 
18.117598 
16.595938 
17.721129 
27.301974 
14.357914 
2.684973 
28.226475 
30.287511 
15.590149 
29.762057 
13.383768 
16.021645 
19.575446 
10.087630 
