9.841282 
28.727943 
22.922894 
23.429836 
10.237173 
21.679509 
23.503853 
22.746085 
27.779734 
30.739583 
26.859865 
32.558538 
22.544970 
33.169385 
22.945150 
30.339962 
23.957439 
9.844610 
23.306249 
23.587888 
32.162776 
22.206854 
28.686843 
22.229300 
23.467366 
23.469708 
23.275372 
32.918721 
23.152975 
25.614341 
22.096207 
31.873039 
21.475411 
24.220740 
24.278546 
10.563500 
26.542195 
24.263624 
27.030261 
21.571462 
28.069369 
27.821460 
9.833350 
29.108104 
24.236978 
21.481795 
27.592717 
22.278328 
26.520545 
9.845428 
25.661840 
25.087866 
26.823475 
25.026606 
27.937229 
26.984762 
25.022532 
26.743450 
32.376134 
11.030831 
31.470078 
26.255169 
9.833361 
9.833350 
23.981391 
27.701278 
29.171290 
31.268630 
23.760084 
25.820863 
9.894097 
22.496300 
29.546021 
21.698053 
31.046632 
22.910908 
26.498558 
13.420357 
22.258838 
26.133977 
26.473155 
11.351546 
32.265110 
9.833419 
9.833350 
23.613967 
23.011195 
33.233177 
9.833380 
9.833350 
21.975810 
27.102191 
23.734880 
28.303798 
27.394780 
21.911638 
25.264389 
21.622767 
21.923510 
24.867743 
32.568340 
10.164890 
30.398494 
31.375570 
25.086785 
27.797160 
24.250846 
20.759493 
23.533602 
27.979572 
25.592338 
12.297363 
11.795233 
22.914212 
25.940553 
23.444162 
21.579758 
23.298977 
24.533876 
24.321900 
9.835946 
9.833350 
21.269675 
26.125698 
23.703391 
27.030647 
27.819855 
33.336938 
31.583620 
23.502432 
29.697606 
23.474342 
32.040092 
31.540135 
23.734177 
21.666087 
29.198023 
24.255188 
22.007850 
31.684617 
25.914397 
32.884505 
32.490925 
24.039297 
32.933453 
23.338539 
9.833350 
23.536488 
9.833350 
23.464837 
32.917385 
27.032773 
21.388338 
9.835397 
32.113388 
31.734864 
29.888685 
23.910172 
31.793811 
22.311930 
10.144401 
30.299335 
21.555723 
23.980747 
30.773556 
26.957113 
27.986742 
9.833350 
9.833350 
9.833350 
32.226816 
10.066978 
27.845843 
21.900466 
25.170105 
27.397708 
28.021215 
22.387663 
27.012529 
27.014308 
26.993659 
23.689406 
29.145724 
32.923938 
25.943171 
26.522911 
23.960526 
27.849168 
32.585935 
28.905601 
31.111719 
10.610637 
28.839766 
9.833350 
27.133100 
14.277713 
26.270951 
10.590643 
14.753252 
28.697731 
33.419111 
9.833350 
25.416084 
24.088731 
23.512530 
26.686857 
25.808705 
28.238541 
29.458705 
9.882068 
25.331390 
23.370604 
27.689218 
26.429434 
9.833350 
30.534450 
27.502605 
23.462278 
33.792600 
26.013301 
31.273652 
26.533455 
9.833350 
32.068998 
21.915696 
23.402907 
23.370542 
23.377406 
21.428068 
22.913664 
33.114664 
23.407625 
24.800948 
9.954607 
22.174433 
24.745656 
28.829142 
24.376716 
23.149789 
31.104382 
24.080261 
25.599161 
9.833350 
9.902120 
32.410538 
24.317428 
24.531668 
29.232491 
32.314963 
32.895818 
33.172232 
24.580244 
32.571871 
9.833481 
22.588812 
10.763912 
23.475752 
26.364145 
9.833350 
11.349723 
32.196694 
9.833350 
26.359042 
24.154415 
23.692163 
20.853256 
26.151597 
23.517494 
23.560580 
32.965668 
32.483146 
30.521673 
30.575748 
23.219737 
13.878043 
25.124953 
11.968091 
23.427791 
12.700703 
9.833350 
32.129634 
27.736867 
25.043570 
9.939631 
16.953833 
27.236815 
9.833350 
23.777521 
28.534085 
24.168176 
29.397177 
10.992155 
17.187724 
29.121243 
22.922948 
9.833350 
26.175882 
32.103404 
23.912664 
23.915999 
21.815386 
23.931046 
23.901112 
23.703553 
23.991440 
23.233098 
23.170516 
32.962959 
24.420210 
23.170082 
23.158880 
31.373855 
25.454096 
23.705806 
9.916292 
23.573447 
24.971221 
21.866569 
26.341495 
32.083022 
21.928219 
30.482577 
22.614501 
32.913503 
23.777419 
23.813822 
33.175133 
24.019411 
23.323263 
24.237840 
23.180451 
24.096700 
31.062122 
23.222559 
24.257254 
23.975368 
9.833350 
23.141560 
32.979750 
9.833350 
23.385813 
10.362351 
30.863934 
32.876234 
31.730118 
23.779674 
23.669319 
23.126880 
21.624571 
22.937220 
22.851378 
23.487693 
23.815224 
32.163067 
23.243822 
23.347148 
23.227758 
22.735975 
9.833350 
23.403528 
24.229442 
9.873346 
10.931697 
27.425798 
27.221474 
27.454472 
31.846606 
24.822723 
9.975541 
32.686883 
23.084859 
9.834250 
33.041920 
30.627368 
27.511276 
28.047293 
16.243329 
29.369485 
26.843645 
21.358889 
32.234129 
31.325723 
23.591739 
26.778608 
32.525981 
9.833705 
21.855911 
9.875055 
25.218953 
23.179785 
23.595828 
29.924552 
27.087636 
32.302041 
9.833350 
25.104696 
26.206164 
30.242885 
32.450687 
30.087242 
23.535228 
33.058849 
23.054202 
21.654644 
24.048445 
27.153109 
25.431984 
23.371743 
23.545018 
26.493421 
22.779901 
22.825877 
23.167029 
9.833350 
27.754796 
26.315647 
27.685565 
32.056428 
10.177499 
21.942559 
31.776091 
22.767294 
27.435193 
25.251449 
18.543145 
21.324761 
31.903218 
23.037556 
30.399141 
31.498231 
31.767380 
30.280190 
13.323045 
22.071410 
26.723356 
25.466348 
32.088654 
23.150993 
14.443432 
9.833351 
32.622843 
30.028792 
28.548113 
26.574403 
14.218221 
9.833350 
24.676583 
33.058771 
9.922299 
23.650297 
21.326879 
23.592243 
31.537943 
32.179736 
9.833350 
24.155744 
12.940686 
28.290748 
31.311785 
31.002236 
29.487496 
22.327745 
21.662187 
23.430219 
28.381965 
23.206175 
22.251040 
23.383899 
23.920078 
23.412712 
9.960338 
23.391705 
25.905593 
9.833350 
23.024998 
21.710182 
24.155690 
21.232056 
9.834230 
27.759284 
23.284411 
28.246703 
23.631805 
23.865448 
28.482740 
27.608021 
22.539878 
30.552653 
23.413375 
29.979887 
31.566517 
23.859890 
22.013443 
30.736105 
9.833350 
23.468294 
22.216910 
25.934851 
27.769722 
26.967632 
28.206821 
23.875491 
31.347420 
9.833350 
32.841945 
10.431495 
24.441058 
29.521278 
32.983136 
23.937035 
25.989123 
27.810064 
31.996079 
24.932138 
24.164659 
32.642164 
26.516762 
31.568628 
26.181674 
9.961064 
9.833350 
21.731930 
23.751159 
21.591057 
29.020174 
32.323950 
31.360588 
23.222076 
30.119379 
31.701139 
25.079972 
24.737042 
24.930923 
21.499166 
22.465371 
29.343794 
31.380797 
22.757919 
23.782792 
31.449388 
9.833877 
28.056165 
23.016858 
27.040561 
9.833350 
24.494577 
20.492708 
26.863342 
26.101556 
23.962991 
9.833350 
25.125436 
25.338912 
9.833350 
23.158193 
24.081448 
24.005497 
26.750677 
9.833350 
22.547258 
9.989802 
23.385988 
25.718847 
24.805704 
27.813788 
22.979070 
21.678858 
26.343207 
22.189662 
23.016385 
24.103586 
26.664425 
23.910929 
26.136694 
26.897486 
22.013379 
25.987736 
23.578080 
23.719116 
21.935843 
23.908056 
24.958041 
23.088176 
29.241061 
23.553710 
23.873635 
9.833350 
26.960252 
23.725687 
21.502773 
21.373651 
9.833350 
26.955452 
9.833350 
17.566458 
23.799577 
10.426200 
22.833589 
22.889405 
24.914130 
27.005193 
9.833350 
21.518611 
31.180444 
31.495840 
10.875409 
23.885059 
9.871322 
22.934863 
25.256711 
30.385525 
9.833350 
24.238808 
22.511045 
25.007247 
21.439792 
30.384234 
22.032283 
28.392209 
27.534911 
26.277319 
9.833350 
25.358836 
10.107724 
26.142985 
23.378769 
30.145915 
23.389105 
24.821859 
33.179730 
22.474799 
22.462966 
23.966177 
9.833350 
9.833350 
23.524735 
22.264125 
21.637865 
27.963182 
10.979877 
23.270925 
24.084920 
23.584256 
24.228119 
21.309284 
24.500620 
9.833350 
29.068320 
23.149177 
9.833350 
22.023103 
10.869992 
9.833350 
23.535661 
22.418445 
23.997573 
9.837486 
21.832048 
24.005558 
9.833350 
23.663318 
22.922974 
11.256511 
33.383828 
23.675862 
27.067366 
22.729531 
10.151566 
23.599953 
23.138675 
27.433548 
23.004260 
31.603797 
9.833350 
22.674701 
23.495650 
23.936651 
21.946911 
24.395609 
24.928582 
9.957721 
26.233486 
26.638143 
23.803332 
24.979611 
23.501561 
28.349450 
22.541514 
22.152375 
28.605883 
29.261995 
23.172638 
29.589695 
23.896557 
23.884644 
27.948433 
16.495635 
33.722424 
23.189936 
21.552606 
25.772205 
9.834728 
23.593270 
25.814677 
23.734007 
26.232319 
24.156411 
28.004362 
22.812645 
26.829572 
21.708191 
10.015383 
27.541264 
25.818691 
23.169759 
9.833350 
28.411846 
24.479124 
23.528502 
27.283673 
33.095785 
9.833362 
23.576887 
24.058571 
23.936004 
22.154197 
27.572033 
25.583876 
23.141268 
21.747945 
23.153527 
29.032270 
22.440755 
31.025430 
21.783292 
22.985061 
23.435441 
22.547586 
24.924688 
25.550134 
23.895250 
33.078334 
30.825967 
24.255022 
21.733867 
26.261024 
25.530574 
9.851089 
9.833350 
27.950648 
32.016100 
21.612503 
22.964266 
27.311634 
25.775853 
9.833350 
27.284944 
23.261165 
25.990943 
25.580067 
29.416376 
23.982491 
27.104742 
25.615051 
28.226226 
27.716560 
22.971790 
23.487239 
28.925139 
22.956523 
28.811859 
24.176699 
22.390589 
9.833493 
9.833350 
25.097338 
27.508950 
23.648729 
31.301544 
23.479621 
22.919051 
24.203157 
23.140023 
23.170911 
22.534004 
24.678168 
9.833350 
23.855363 
9.833350 
27.029890 
9.839027 
28.042239 
24.168214 
13.773500 
9.836507 
23.269004 
22.028689 
9.833350 
23.659357 
21.864699 
9.833350 
32.243702 
28.963149 
23.600619 
32.594610 
32.602004 
26.695047 
9.833350 
9.833350 
9.833350 
21.781443 
23.110271 
23.919650 
23.821317 
28.975635 
9.833350 
9.994635 
30.000996 
22.133599 
23.437020 
31.951677 
21.747373 
23.533350 
24.559065 
27.492490 
9.833350 
9.833350 
22.645541 
24.184948 
22.529275 
23.844771 
29.996070 
9.833350 
21.833715 
23.834093 
24.031569 
31.873897 
23.165704 
29.979694 
24.177048 
24.251566 
10.014027 
23.780188 
22.269731 
28.043039 
11.838601 
23.793877 
32.525392 
25.396701 
32.324852 
28.554015 
30.945153 
27.636756 
31.841242 
29.525586 
25.178740 
10.744566 
28.926561 
31.926499 
20.629666 
29.533073 
21.867741 
9.833350 
27.954274 
21.264126 
9.898476 
33.933909 
23.782380 
23.098412 
32.993356 
9.833653 
23.277098 
29.279356 
23.645704 
22.710267 
9.833350 
27.500349 
9.833426 
30.816102 
23.915777 
22.976245 
24.193427 
24.588480 
23.035687 
26.379378 
23.718461 
25.332407 
22.644946 
25.407786 
21.407917 
9.921433 
24.573141 
23.201206 
9.833361 
9.833350 
9.833350 
22.221534 
23.078241 
23.889037 
25.181192 
31.325462 
26.955686 
23.140875 
24.197471 
23.275971 
16.778990 
23.537824 
22.700564 
25.522581 
24.866914 
29.063458 
32.625365 
9.838282 
25.276550 
27.543702 
27.315365 
33.125539 
31.863640 
23.131558 
31.466586 
30.115571 
23.414219 
25.982110 
24.349568 
21.756798 
23.558460 
27.988342 
21.583255 
23.550793 
26.941759 
23.983900 
28.957146 
24.070136 
26.912972 
9.833350 
24.040647 
21.592968 
23.454053 
22.707852 
23.268681 
22.538929 
23.709725 
24.525705 
29.346908 
21.721006 
31.813665 
27.590116 
24.371493 
31.956483 
23.578142 
26.723550 
32.524116 
9.833354 
30.866201 
28.664715 
10.015217 
27.369505 
23.211530 
21.985450 
31.140171 
33.204011 
9.833350 
24.219669 
9.833350 
26.057037 
28.171170 
24.751778 
32.243786 
25.900331 
9.833350 
21.826138 
11.455522 
24.895735 
23.502222 
26.489429 
9.833351 
9.845436 
26.441546 
9.833350 
9.833350 
30.865254 
25.878450 
11.683909 
21.749862 
23.224276 
24.051714 
23.083121 
23.901153 
24.422659 
23.738425 
9.833350 
9.839825 
23.843300 
31.354426 
23.645342 
21.894417 
32.434441 
20.065241 
24.210305 
