0.000000 
55.400000 
23.611803 
12.402800 
48.241773 
18.539940 
10.233576 
28.150690 
15.924497 
12.995459 
15.199175 
5.907821 
55.400000 
16.671416 
10.942152 
6.265097 
12.423563 
0.000000 
34.821058 
17.416521 
14.911992 
55.400000 
4.925757 
6.432928 
10.919776 
14.496083 
12.870631 
18.079385 
11.668753 
6.458086 
0.000000 
24.263627 
6.731112 
13.889451 
9.667354 
22.026937 
11.399244 
0.000000 
0.000000 
25.269230 
55.400000 
20.069106 
55.400000 
10.145369 
0.000000 
12.894688 
46.654629 
55.400000 
5.150664 
55.400000 
10.998742 
15.849284 
22.279524 
19.825514 
5.011300 
15.567771 
20.516763 
18.711470 
0.000000 
39.732058 
9.715915 
6.887854 
28.446938 
15.971958 
29.301321 
14.139888 
0.000000 
5.641230 
20.472793 
14.824247 
55.400000 
6.026053 
29.985646 
27.729997 
22.851679 
18.564043 
6.620874 
0.000000 
5.449339 
13.119340 
14.170656 
29.234531 
14.733412 
9.943191 
4.455159 
0.000000 
0.000000 
17.375206 
43.217820 
12.769316 
13.916449 
55.400000 
13.338865 
11.130016 
35.790391 
21.760992 
24.528722 
0.000000 
55.400000 
13.822017 
14.418497 
13.454682 
10.074219 
32.419831 
3.995656 
0.000000 
22.242378 
0.000000 
0.000000 
21.412459 
5.551882 
5.500951 
0.000000 
6.598869 
0.000000 
0.000000 
13.990430 
6.703328 
55.400000 
17.265500 
0.000000 
0.000000 
0.000000 
0.000000 
9.581892 
21.194861 
20.416094 
0.000000 
43.436932 
13.383066 
5.678370 
0.000000 
18.213272 
32.877901 
10.940281 
5.755393 
55.400000 
55.400000 
55.400000 
6.440550 
55.400000 
14.026002 
49.475633 
15.227676 
25.011901 
55.400000 
0.000000 
17.236688 
0.000000 
55.400000 
13.269025 
29.393374 
0.000000 
5.759115 
3.744942 
10.060572 
9.522141 
8.718896 
38.590363 
34.321625 
0.000000 
17.339340 
22.636913 
43.315318 
0.000000 
3.081936 
10.057325 
4.671726 
10.679091 
5.176762 
24.059315 
55.400000 
6.776424 
0.000000 
0.000000 
55.400000 
18.854275 
18.756193 
6.221745 
6.573729 
11.357377 
6.018060 
24.566399 
25.821463 
0.000000 
25.289715 
34.351058 
30.941698 
6.218071 
6.487090 
34.418485 
7.121965 
15.144675 
0.000000 
5.371243 
29.396065 
20.511486 
0.000000 
19.320285 
13.610076 
7.078437 
23.972292 
0.000000 
16.242091 
16.291293 
0.000000 
20.493572 
0.000000 
21.490797 
0.000000 
4.416428 
55.400000 
6.390158 
32.344045 
23.022077 
0.000000 
0.000000 
18.500676 
20.027148 
35.464388 
9.048503 
21.669181 
0.000000 
19.786449 
17.571915 
55.400000 
20.247186 
0.000000 
9.135173 
5.744772 
7.829097 
14.195269 
10.891040 
32.928029 
5.917734 
22.751689 
55.400000 
0.845824 
55.400000 
0.000000 
4.144034 
20.755108 
13.504003 
0.000000 
0.000000 
55.400000 
0.000000 
0.000000 
9.951806 
17.828772 
10.271442 
24.518300 
19.531837 
55.400000 
0.000000 
15.383274 
30.638214 
24.828664 
32.273001 
40.617049 
0.000000 
8.507851 
27.191665 
0.000000 
55.400000 
24.880025 
49.993531 
5.544587 
17.133667 
5.607521 
0.000000 
0.000000 
0.000000 
24.958576 
24.059264 
37.974430 
0.000000 
6.206266 
16.928467 
55.400000 
19.803221 
0.000000 
55.400000 
18.170165 
0.000000 
55.400000 
7.103046 
0.000000 
14.019609 
55.400000 
6.880190 
27.341182 
17.915992 
7.381744 
30.289941 
3.348678 
29.048089 
4.144302 
8.238078 
31.759909 
55.400000 
27.546817 
10.943947 
36.189385 
25.860141 
0.000000 
24.694061 
24.740442 
12.700569 
26.782519 
0.000000 
21.447109 
12.815787 
0.000000 
20.402216 
14.674153 
33.843324 
0.000000 
18.342366 
19.251381 
30.022750 
5.457361 
55.400000 
7.025738 
11.965730 
12.588170 
13.253244 
0.000000 
13.488119 
18.758021 
0.000000 
35.566078 
0.000000 
28.617171 
6.018240 
11.548113 
6.913303 
12.930409 
17.231592 
12.294146 
0.000000 
0.000000 
0.000000 
10.421891 
15.542732 
17.329119 
20.458801 
17.616753 
26.848504 
31.597909 
5.482323 
6.029871 
18.848976 
21.780713 
33.353707 
46.059870 
32.341480 
10.491026 
7.804961 
14.154754 
26.781480 
17.163835 
48.880052 
55.400000 
35.119479 
55.400000 
24.856850 
11.771017 
18.456894 
55.400000 
23.232229 
55.400000 
30.092310 
18.142952 
35.455862 
6.502402 
55.400000 
18.059253 
28.340582 
18.124475 
0.000000 
21.440907 
25.482575 
8.107249 
55.400000 
0.000000 
29.907433 
0.000000 
8.717289 
46.368701 
35.442688 
12.794507 
21.944332 
30.545022 
11.920470 
55.400000 
42.780345 
42.468096 
52.472520 
2.671275 
6.353859 
19.684255 
15.471536 
11.398951 
40.991793 
53.448561 
22.570697 
14.580029 
26.984486 
4.776746 
0.000000 
0.000000 
13.696571 
55.400000 
22.987740 
19.926599 
33.984598 
14.831172 
24.856169 
0.000000 
12.608525 
15.004628 
55.400000 
17.562016 
55.400000 
6.538669 
6.071367 
0.000000 
8.700589 
0.000000 
15.142813 
26.671255 
21.868278 
16.110710 
31.857502 
5.717668 
37.704424 
55.400000 
55.400000 
48.723422 
5.601697 
55.400000 
19.518183 
3.829486 
12.789506 
13.432336 
6.788654 
0.000000 
27.097350 
19.978846 
6.597418 
0.000000 
11.901380 
6.387134 
7.835764 
26.553456 
8.703073 
6.545019 
9.604905 
6.928790 
30.839595 
28.723119 
11.195924 
14.299459 
13.459723 
12.189517 
10.365668 
8.803550 
30.494349 
