4.811223 
9.797826 
18.639231 
5.827087 
38.761182 
12.837371 
9.106944 
37.962718 
8.883112 
12.503820 
7.880757 
22.317207 
23.689974 
17.685797 
15.155076 
12.105633 
13.952089 
6.793500 
16.747759 
13.560550 
35.104481 
25.479335 
16.365643 
18.124542 
14.248395 
13.960747 
10.020899 
11.866837 
12.839684 
42.719016 
5.854503 
12.536445 
10.614839 
6.368574 
29.017956 
13.738894 
30.506097 
4.465778 
11.646293 
15.049675 
13.710310 
36.522069 
11.184388 
12.377571 
4.618527 
13.955941 
11.888862 
20.828084 
8.318012 
16.541429 
12.528002 
14.043584 
14.538325 
19.799627 
14.504196 
6.067445 
33.453255 
16.367077 
7.439500 
25.646624 
11.265961 
9.928423 
22.179176 
31.937221 
13.602016 
7.758993 
4.035539 
14.416086 
16.006289 
14.170062 
7.574154 
4.531827 
22.569370 
12.986876 
7.534694 
34.707071 
10.188141 
8.287681 
8.111982 
18.432288 
9.980678 
13.786934 
8.228241 
14.210848 
8.059210 
3.653011 
7.839987 
8.529041 
14.782903 
14.366625 
10.328472 
7.454273 
18.169716 
5.549297 
22.821354 
12.956958 
36.787976 
5.516150 
13.786485 
12.979228 
8.913297 
13.350951 
14.005374 
6.460179 
8.091081 
8.501659 
14.504738 
4.520880 
11.910576 
13.661254 
13.988988 
5.072533 
9.791077 
7.903882 
2.733931 
4.162740 
8.584631 
2.006010 
22.295230 
40.007137 
5.635662 
3.227031 
6.256918 
11.047964 
7.437151 
15.245846 
6.203940 
17.945183 
13.908364 
13.658062 
15.507611 
8.307402 
21.061655 
13.701082 
10.079637 
13.272856 
8.659187 
8.642143 
18.219845 
14.547808 
34.029735 
14.368398 
12.766874 
22.461845 
8.018433 
15.762223 
6.292757 
16.288033 
6.254084 
8.809250 
14.102126 
18.661362 
5.606976 
6.182104 
5.695388 
13.323776 
16.764424 
5.815675 
18.466625 
15.384785 
0.183782 
7.706671 
14.195013 
21.137703 
2.754172 
12.499826 
5.697811 
6.308930 
5.858177 
5.597972 
21.932902 
25.901405 
11.755791 
8.930144 
1.739266 
10.400170 
21.890386 
7.328673 
5.044797 
39.008537 
7.978919 
6.031820 
14.948730 
14.107208 
8.779151 
15.046139 
13.388098 
8.398419 
8.645236 
9.220249 
23.492721 
5.240113 
8.406323 
8.749152 
6.482651 
7.219502 
6.491184 
12.635528 
13.909139 
6.325438 
13.972178 
22.565370 
3.014556 
10.846106 
17.832458 
11.673902 
7.495326 
7.628069 
15.354304 
4.198191 
7.510639 
19.016115 
10.528204 
7.895292 
8.344679 
8.309566 
6.145233 
6.170736 
23.619706 
7.634748 
5.054199 
12.754799 
6.978204 
8.180115 
12.996373 
7.758562 
14.023655 
6.302817 
14.371114 
5.849662 
12.857927 
8.205506 
13.958906 
8.473776 
6.361176 
16.678367 
7.982266 
14.720757 
15.481235 
3.070290 
11.059791 
11.466769 
42.145055 
2.691980 
8.218999 
16.642000 
5.850001 
8.801310 
6.901583 
7.354673 
5.575169 
12.005754 
5.614549 
36.570714 
4.775859 
10.494078 
7.894267 
17.124994 
11.871957 
18.915780 
7.872445 
5.633293 
3.617465 
5.377927 
11.381474 
19.563626 
12.906677 
12.248076 
9.150582 
6.250620 
8.152290 
6.049538 
8.084100 
9.192915 
7.854115 
20.470280 
7.460473 
8.453688 
15.940278 
16.029954 
8.934318 
8.603893 
28.451740 
13.199300 
8.898363 
17.141699 
14.221951 
5.959447 
13.842558 
10.722589 
6.122783 
8.893393 
13.605095 
6.487272 
9.596718 
3.918444 
15.035218 
5.284987 
16.818736 
8.524062 
14.955961 
17.517732 
13.433188 
12.105290 
13.638206 
2.568605 
14.929975 
13.409425 
17.256899 
13.643956 
7.447494 
10.176723 
22.640574 
4.708452 
8.692418 
12.935423 
7.585154 
3.267431 
14.933005 
9.811247 
8.748439 
5.250474 
17.784739 
12.272512 
13.129366 
13.623354 
29.838093 
8.599606 
5.561270 
16.792293 
9.213977 
6.060712 
8.312659 
14.447187 
7.922944 
13.764800 
5.953706 
13.073209 
12.776633 
40.608850 
2.852775 
6.156303 
2.324460 
13.471214 
13.216269 
26.291959 
18.202356 
13.235061 
10.426099 
13.246244 
12.725488 
36.153461 
12.971373 
8.303969 
14.450820 
13.999603 
15.849557 
12.978235 
13.966099 
5.526323 
9.394053 
7.826869 
14.458666 
15.063570 
13.477829 
8.445674 
20.312515 
11.097248 
7.717794 
15.702316 
14.276973 
34.677970 
25.005010 
16.940850 
13.119010 
7.358778 
16.931804 
12.872965 
18.253043 
10.039298 
8.121997 
13.391794 
15.757526 
13.663043 
11.726745 
0.183345 
5.700201 
6.133674 
6.392866 
16.430433 
21.255130 
17.157652 
5.658128 
16.642179 
20.473163 
11.110394 
10.858697 
27.380722 
11.966969 
5.133511 
6.816440 
23.697751 
6.025737 
13.212534 
7.770366 
11.134365 
10.578599 
8.818193 
9.042686 
14.261495 
9.560693 
6.903780 
7.375441 
7.693702 
17.974181 
14.779056 
23.607067 
6.195117 
17.005254 
5.981729 
43.356161 
8.370793 
26.092907 
17.114895 
18.640364 
10.211719 
13.614008 
9.152830 
12.680485 
2.264500 
13.780487 
18.122540 
13.561932 
15.214096 
13.880846 
14.013863 
12.988252 
13.717156 
19.809458 
12.218633 
5.298272 
13.055432 
19.180636 
14.496357 
5.042141 
19.576636 
5.064083 
4.085224 
13.420389 
10.169152 
11.879404 
8.130109 
5.848246 
7.610003 
14.480678 
12.173198 
6.510928 
13.708630 
7.629397 
13.402189 
13.157424 
8.803965 
5.753856 
15.882906 
15.628394 
13.643949 
35.041292 
6.738089 
31.301750 
