36.847042 
35.061145 
32.097148 
33.790357 
29.460818 
35.826721 
33.531811 
32.973488 
37.143708 
41.533300 
35.451626 
30.242133 
35.129343 
36.402310 
35.691941 
32.017068 
32.892795 
32.013824 
32.172664 
33.344885 
31.773451 
34.189864 
30.151967 
33.539883 
36.006029 
32.797660 
30.063490 
35.045191 
34.499025 
26.912035 
36.457245 
36.342821 
32.044748 
30.763039 
33.148792 
34.198164 
35.437051 
15.761628 
36.871679 
37.061046 
31.436628 
34.058369 
32.337513 
33.682957 
13.125754 
27.521144 
35.429965 
33.600048 
33.801266 
35.432519 
36.341104 
30.729613 
36.203396 
32.775193 
34.759602 
30.437570 
31.008858 
29.741175 
32.643114 
31.703749 
36.948001 
30.620048 
30.439762 
35.517523 
30.651618 
32.675819 
28.102544 
36.783543 
32.849647 
35.895188 
30.647124 
27.455419 
33.115407 
35.968203 
37.787892 
35.679827 
35.000223 
36.850294 
36.611398 
32.808250 
35.653264 
36.365350 
36.842176 
35.745310 
35.228482 
36.350826 
13.264087 
37.569114 
36.619722 
35.888791 
36.668517 
36.222131 
34.429777 
34.088033 
33.397311 
32.493123 
31.540988 
30.893114 
34.926198 
35.390091 
31.727810 
37.256766 
32.555591 
36.480250 
35.066921 
32.661954 
32.093421 
24.299223 
36.974020 
31.657758 
32.110362 
29.696664 
36.705594 
31.432532 
36.608487 
20.062829 
30.427149 
26.833470 
34.466356 
33.570565 
36.333844 
15.512377 
36.017006 
36.569422 
30.412560 
35.444270 
33.401778 
35.775363 
34.280899 
35.518762 
31.932249 
36.885137 
40.262602 
31.837337 
35.446986 
31.476355 
32.003840 
30.857027 
34.027854 
33.060055 
34.754329 
35.488266 
32.531132 
33.794614 
36.350173 
36.362390 
31.997245 
35.227671 
34.688551 
32.474615 
34.837634 
32.790397 
33.506422 
41.533300 
30.393038 
32.539954 
32.545671 
36.321733 
34.511711 
34.353911 
12.766688 
32.145455 
34.162030 
34.366530 
26.938421 
35.942197 
30.111100 
41.240171 
36.586296 
36.305641 
32.096917 
35.508902 
36.480306 
36.423450 
12.769554 
31.701773 
36.750837 
30.316899 
29.443503 
31.908878 
41.533300 
32.779404 
27.144184 
33.678700 
41.533300 
36.557285 
34.038655 
30.400322 
32.844569 
28.893612 
33.562285 
27.354817 
36.380044 
36.297488 
36.625751 
32.214987 
30.072856 
36.309688 
30.231559 
40.626942 
32.116513 
32.883552 
36.840993 
36.727929 
36.458282 
36.411259 
33.516582 
36.634829 
34.555465 
36.361829 
36.426106 
34.443456 
36.431985 
36.948273 
34.120469 
36.428811 
19.826627 
34.014013 
32.278407 
30.129381 
28.095559 
36.817060 
35.902497 
31.083088 
36.383755 
41.533300 
38.314943 
33.858194 
41.526634 
34.731593 
34.430233 
39.391185 
32.586995 
36.464652 
36.824513 
32.118736 
34.739745 
36.168357 
33.541714 
12.879894 
34.298646 
36.318430 
41.533300 
36.689248 
37.098754 
36.454690 
37.082614 
36.580883 
34.096733 
41.533300 
34.088288 
39.561151 
29.129660 
33.995083 
20.500859 
36.135156 
36.612626 
33.881613 
36.746363 
33.683728 
38.033493 
29.722413 
28.062982 
21.198636 
32.090954 
35.488591 
36.924264 
31.829009 
36.708234 
31.954162 
36.958288 
36.868115 
36.625169 
36.980763 
31.823291 
35.441442 
41.533300 
30.974790 
36.571037 
35.151319 
31.418975 
36.470798 
35.649162 
38.169552 
36.833783 
32.386677 
31.436005 
32.517520 
36.002709 
41.533300 
30.056184 
36.503879 
36.626598 
40.430495 
32.743804 
30.809438 
36.440248 
30.118964 
34.946745 
36.875113 
35.763489 
33.550310 
32.979321 
34.883635 
36.329518 
36.424445 
37.100719 
36.377363 
33.460674 
39.333925 
19.580676 
33.941536 
33.334675 
36.568218 
34.326287 
37.682073 
36.587191 
35.358317 
35.467142 
30.989555 
34.376215 
27.015177 
34.506609 
32.586474 
35.330349 
35.595576 
33.316332 
36.742404 
27.345111 
35.048710 
38.230145 
32.705881 
36.968336 
37.136732 
28.690460 
34.193555 
29.549670 
35.641962 
32.342312 
26.912245 
35.829757 
36.412321 
12.827909 
34.873997 
33.032638 
35.596378 
37.355214 
32.081047 
36.548937 
40.110093 
34.012603 
27.768950 
35.768396 
36.990774 
37.624590 
33.916768 
36.921573 
33.100795 
34.245485 
26.837043 
33.233514 
37.990395 
33.963274 
37.238026 
33.063579 
35.071366 
35.284203 
36.454884 
31.241357 
34.553087 
36.857089 
34.644377 
34.897177 
35.274866 
36.042447 
32.952827 
32.272307 
30.807456 
38.658816 
32.456223 
37.354681 
30.877601 
33.892651 
29.840743 
32.416005 
12.779414 
22.576013 
36.542913 
32.333751 
35.703786 
36.724664 
41.533300 
29.906125 
37.224609 
35.266691 
34.933950 
36.749944 
33.809639 
32.345908 
31.221791 
36.422094 
33.766875 
29.824319 
34.013885 
38.480627 
27.534752 
36.425402 
35.381631 
36.137898 
33.526310 
35.191396 
36.989330 
33.035171 
32.723058 
31.885793 
37.629388 
37.043856 
34.303212 
36.633929 
36.629019 
26.833447 
37.189967 
34.807322 
36.714485 
36.140623 
32.257208 
32.396465 
36.746185 
34.630624 
15.775300 
31.851257 
32.324512 
36.495484 
37.428835 
36.729201 
34.900952 
36.880607 
34.435319 
33.935446 
32.636343 
30.246669 
32.145292 
37.572422 
31.675206 
26.904613 
36.556481 
28.070471 
17.608824 
32.307903 
40.228748 
33.377702 
36.916369 
34.048692 
35.750668 
33.049017 
32.550540 
33.311804 
26.925020 
41.533300 
32.614850 
21.169301 
38.503386 
36.900504 
37.408964 
31.324419 
41.088011 
35.391330 
27.637814 
35.148546 
