36.633350 
33.511766 
32.971516 
38.336858 
0.220618 
35.445115 
33.828948 
9.511709 
36.617169 
31.534814 
29.984301 
0.133568 
32.330310 
33.123065 
36.090409 
30.931788 
28.986837 
36.589385 
31.311756 
15.278293 
0.210226 
13.966270 
53.800000 
0.133521 
35.035633 
13.946571 
4.175289 
35.651532 
36.009479 
0.133811 
36.580984 
25.214776 
26.419736 
0.153404 
53.800000 
19.852548 
29.818026 
36.633350 
36.633350 
20.193816 
10.864242 
18.150547 
34.799322 
53.800000 
36.633350 
0.133385 
10.426682 
10.249836 
41.011416 
17.121641 
36.467526 
10.108274 
13.048811 
10.129052 
0.134005 
44.589387 
5.722885 
30.171539 
36.471352 
9.839944 
53.800000 
35.657285 
11.694112 
31.384306 
9.894221 
34.366462 
36.632996 
35.288851 
34.016768 
34.437830 
14.396097 
36.633228 
12.321357 
36.338460 
16.570934 
32.214616 
40.122129 
36.633339 
36.545534 
36.527140 
52.259387 
27.152012 
36.628741 
53.800000 
30.991693 
36.633350 
36.633350 
21.069033 
36.631838 
35.212215 
26.836443 
36.631839 
16.642138 
35.593697 
18.969873 
28.764253 
0.133424 
36.625072 
13.986229 
16.718194 
11.058965 
53.800000 
40.109551 
35.183122 
36.512553 
36.586236 
14.010829 
36.633350 
36.633350 
53.800000 
0.134217 
35.748438 
36.632751 
36.373650 
36.633350 
36.633350 
53.800000 
0.133334 
15.713164 
0.134241 
36.633320 
36.633350 
36.630406 
36.633249 
16.404925 
35.469613 
36.487207 
36.558756 
13.386480 
34.926146 
28.274581 
36.633350 
0.133334 
27.105029 
17.527858 
53.800000 
10.582568 
15.341530 
14.051533 
28.442713 
16.307338 
35.361671 
18.366701 
20.051753 
36.402969 
36.563462 
36.623667 
31.323717 
36.628325 
35.904697 
34.372391 
13.672835 
36.620986 
36.631692 
53.800000 
53.800000 
10.901160 
36.247657 
10.437096 
36.575219 
53.800000 
31.952662 
24.299990 
13.567008 
36.633350 
36.526220 
53.800000 
0.133338 
36.614952 
37.984495 
18.482512 
14.783884 
36.315778 
36.633344 
36.633350 
31.925942 
25.645746 
36.330291 
36.465861 
0.133334 
36.529261 
36.842511 
36.182448 
33.502886 
36.633311 
36.517463 
18.783940 
36.380996 
53.800000 
5.817741 
15.082735 
36.599736 
36.616906 
36.633350 
36.603688 
36.177672 
41.256594 
36.631438 
10.202438 
13.720928 
17.854619 
53.800000 
36.633350 
34.755342 
17.023728 
36.633349 
36.423945 
36.624698 
34.494199 
36.633350 
36.499483 
22.298585 
36.483345 
35.071957 
36.471139 
36.632692 
36.633350 
36.419388 
17.631374 
34.368556 
36.231587 
35.513618 
36.611809 
34.826935 
36.498892 
13.624100 
33.556658 
53.800000 
0.135170 
36.568039 
35.589608 
36.265815 
45.627995 
36.105335 
36.458378 
53.800000 
34.554195 
36.126948 
25.459219 
36.633350 
35.697443 
36.561989 
0.134589 
36.633350 
36.633350 
20.836578 
36.633212 
36.633078 
0.147128 
10.046542 
36.432703 
53.800000 
24.149376 
0.133892 
36.633350 
35.270670 
36.628250 
26.628814 
53.800000 
34.946088 
36.629874 
53.800000 
36.633347 
36.633335 
11.385500 
17.324271 
26.480716 
53.800000 
36.600609 
53.800000 
36.633349 
36.633350 
36.633350 
36.531739 
17.593140 
11.791582 
36.632263 
16.129240 
36.456249 
32.170882 
26.132410 
36.633350 
33.529513 
18.048361 
36.633350 
12.509737 
53.800000 
36.466294 
53.800000 
32.974317 
53.800000 
37.699297 
35.072204 
7.294921 
33.922388 
36.617804 
36.348442 
36.537119 
32.428822 
36.626686 
31.740573 
12.062086 
24.744539 
36.121110 
31.997156 
36.633350 
34.354990 
36.163853 
21.417173 
53.800000 
36.633350 
35.463484 
15.588742 
36.633350 
36.492575 
53.800000 
36.624305 
36.633345 
35.155354 
11.933508 
33.219711 
36.591254 
16.161477 
53.800000 
24.354030 
32.952059 
30.432752 
36.633014 
29.862525 
29.169958 
36.323444 
29.395850 
36.633331 
35.485240 
15.153067 
33.609670 
36.259611 
31.464729 
19.382324 
0.133502 
36.633348 
36.631724 
36.633350 
36.829245 
53.800000 
27.701598 
0.200459 
34.888290 
10.103881 
9.998238 
36.650456 
0.167580 
34.412630 
26.143691 
10.282406 
31.511684 
53.800000 
53.046445 
36.220150 
36.625324 
12.610955 
22.163416 
34.591265 
15.793229 
10.348519 
30.243889 
23.556966 
53.800000 
36.535386 
15.086837 
52.741598 
4.831499 
15.127764 
36.575176 
27.084495 
53.800000 
35.042897 
33.015458 
10.847856 
35.763425 
36.632696 
11.206687 
16.179078 
0.141604 
36.630821 
53.800000 
53.800000 
36.633350 
36.620290 
29.064763 
32.654350 
26.282528 
36.611986 
34.281770 
53.800000 
35.366368 
32.742114 
10.820060 
34.878549 
36.601255 
37.160844 
35.066884 
22.556946 
27.902936 
36.415651 
32.733509 
35.730492 
34.841246 
36.480586 
36.560044 
35.530830 
36.619835 
29.833150 
36.591856 
53.800000 
17.131383 
22.741619 
41.301950 
36.438322 
36.633344 
0.133333 
36.530926 
18.182775 
17.055141 
11.690409 
31.146526 
27.719801 
36.609109 
35.248034 
36.633350 
15.272334 
53.800000 
15.683958 
33.217266 
36.168916 
53.800000 
35.717809 
18.905125 
16.179123 
31.522589 
26.810519 
13.811550 
13.509169 
33.344164 
0.188039 
36.507054 
35.285767 
36.633350 
14.226763 
10.271919 
34.229370 
36.633350 
36.486170 
34.183919 
37.610153 
35.800242 
35.776153 
0.133334 
38.785383 
31.006139 
53.800000 
23.711288 
38.855617 
31.920240 
50.342949 
0.134951 
35.674996 
0.166990 
20.509853 
