4.033213 
30.735795 
16.087940 
6.658584 
22.920221 
13.699723 
12.413796 
28.348167 
11.624407 
13.742751 
13.019435 
25.899243 
23.896043 
20.065268 
18.026368 
13.768762 
11.089062 
8.881391 
13.992934 
11.205364 
22.931672 
29.392316 
8.065311 
20.809323 
15.534693 
18.991825 
8.013788 
15.457462 
11.465273 
6.374658 
3.396507 
10.664078 
12.806777 
6.695054 
25.211052 
20.866725 
34.397451 
3.682328 
10.952672 
17.755625 
21.243211 
28.176158 
18.521017 
11.100801 
4.296533 
16.450559 
12.876207 
20.850164 
9.500313 
22.643635 
12.446659 
10.764915 
18.425743 
35.458252 
18.315318 
6.998363 
26.331357 
20.596979 
8.030433 
20.940102 
13.070547 
12.233119 
19.873409 
21.778330 
13.205235 
8.909841 
5.484560 
17.841459 
19.591421 
12.316807 
8.425894 
5.428974 
23.204066 
12.842922 
8.981275 
36.280407 
12.094926 
9.376113 
9.652961 
18.071021 
13.056704 
15.959564 
9.817660 
16.392628 
9.629516 
3.657218 
4.651647 
9.529464 
13.083496 
12.819676 
10.318513 
9.432830 
23.049236 
6.525599 
23.411986 
14.469766 
21.601891 
6.411986 
19.209164 
17.088780 
11.843287 
14.220120 
13.694017 
7.237536 
11.084531 
11.775021 
13.375516 
3.937737 
12.820541 
19.354754 
19.439700 
5.677675 
12.054789 
8.458151 
3.491415 
5.049032 
10.787120 
2.629173 
19.646805 
40.120105 
5.320513 
4.503971 
6.319114 
9.438012 
7.342069 
19.410001 
8.471461 
16.328451 
17.361141 
15.896161 
21.942508 
8.358393 
20.757513 
16.609108 
11.418847 
8.913776 
12.985542 
11.279993 
21.749168 
13.106550 
43.602639 
13.458316 
16.792183 
21.267349 
10.819702 
16.657660 
6.363236 
17.882649 
10.232298 
16.081757 
16.074751 
18.642682 
6.740782 
0.820425 
6.867442 
11.318746 
21.461497 
5.878649 
21.970939 
14.891834 
3.143547 
8.428878 
16.929837 
17.636322 
3.582144 
11.292863 
6.291347 
1.399609 
6.014095 
6.268651 
15.101579 
24.127790 
12.922158 
9.616757 
3.095029 
10.589350 
23.710364 
8.734222 
8.493809 
21.575003 
6.807613 
11.052805 
5.776128 
13.497369 
11.119627 
16.494940 
15.557900 
9.742386 
10.662308 
6.490523 
22.438135 
3.872905 
10.813794 
8.645183 
8.150111 
8.825769 
10.197334 
8.844936 
11.040688 
4.959254 
17.227417 
21.530250 
3.161802 
12.878702 
25.351303 
12.816542 
8.536046 
8.451822 
15.501765 
4.745929 
8.390647 
20.777615 
12.851608 
10.058469 
10.865703 
9.012797 
6.275565 
6.464420 
23.186984 
8.916713 
5.581362 
15.217865 
8.899209 
8.906586 
15.969721 
8.787260 
13.810593 
9.515376 
22.160205 
7.450304 
14.944223 
10.961914 
13.879418 
9.526838 
8.854280 
20.470038 
8.906537 
13.975326 
18.786407 
3.442691 
12.382176 
13.419260 
35.405109 
3.699451 
10.983209 
22.783015 
6.055534 
9.825569 
6.943663 
7.578253 
5.990782 
14.553833 
5.913694 
21.898595 
3.340220 
12.310898 
8.923707 
18.807708 
13.123569 
17.409865 
10.129244 
5.892308 
3.543641 
5.471423 
12.424730 
21.753598 
15.229445 
12.767110 
9.145957 
6.968892 
8.273337 
7.899868 
8.669772 
11.101101 
10.683120 
23.091457 
11.342389 
10.447842 
17.109580 
19.697393 
12.937272 
8.565017 
35.636367 
18.117983 
8.290073 
13.583993 
13.001444 
8.351734 
16.650361 
13.228104 
6.756784 
10.557663 
17.673265 
5.346052 
12.660339 
4.142347 
15.651932 
6.218388 
13.924383 
11.124221 
19.083206 
20.572234 
15.306270 
12.956459 
15.096580 
3.357716 
15.413492 
16.348239 
19.229649 
19.841155 
8.682083 
10.593298 
21.087399 
5.796129 
11.237409 
15.335230 
8.820237 
4.858057 
15.188005 
9.586171 
10.408479 
3.536769 
21.690385 
14.798527 
29.365615 
16.859059 
18.380683 
9.411065 
5.678869 
18.593823 
11.317071 
8.299820 
8.725726 
15.406242 
13.005384 
13.271199 
6.557845 
14.510225 
13.184622 
5.886541 
6.127422 
8.933404 
3.134023 
16.705327 
14.741001 
27.626387 
19.388036 
17.768102 
13.312220 
13.628589 
13.675689 
16.723045 
14.045303 
11.253427 
12.734138 
16.866003 
19.367146 
13.037760 
17.747125 
2.043567 
12.621183 
8.623097 
13.546823 
19.992408 
13.435430 
12.988328 
22.437979 
12.803371 
10.991555 
16.512770 
17.524521 
22.454638 
30.865108 
16.674309 
14.933859 
8.165142 
17.979860 
12.694021 
20.632458 
12.390712 
8.882635 
16.015404 
14.020141 
7.136264 
10.077981 
3.010617 
5.547217 
6.469592 
6.079530 
18.849671 
23.751107 
26.328250 
6.494862 
19.825784 
20.521220 
15.384031 
12.768083 
24.273090 
14.102811 
5.964761 
8.178092 
24.106329 
8.456028 
13.175578 
8.407638 
12.657498 
13.606746 
12.849112 
11.141161 
13.274174 
13.950619 
10.148119 
8.160136 
8.711203 
21.764720 
11.653739 
20.544214 
6.368177 
16.576991 
6.292978 
5.892858 
10.012973 
27.607430 
17.934103 
23.286232 
7.909432 
18.162061 
11.368431 
13.938582 
3.052764 
17.146870 
20.087510 
15.965639 
14.920804 
16.704771 
15.530555 
11.446948 
16.033277 
22.826235 
13.874014 
8.404717 
15.587449 
19.297085 
13.127541 
3.993478 
24.070169 
5.252015 
4.611194 
11.880156 
11.057421 
13.358265 
9.743657 
7.344231 
9.738374 
13.118243 
13.156070 
7.687305 
7.188799 
8.084829 
16.999504 
14.894134 
11.404479 
5.187443 
20.392593 
15.091683 
14.624915 
35.457665 
6.655378 
25.003808 
