9.841282 
9.845428 
21.698053 
23.703391 
23.464837 
25.454096 
24.019411 
23.403528 
23.371743 
30.399141 
23.150993 
21.662187 
25.905593 
32.841945 
31.568628 
23.751159 
30.119379 
21.499166 
21.678858 
23.016385 
24.103586 
26.897486 
22.934863 
29.068320 
29.261995 
23.435441 
24.255022 
26.261024 
25.530574 
27.284944 
25.990943 
23.982491 
27.104742 
23.487239 
24.176699 
22.919051 
32.594610 
9.833350 
9.833350 
30.115571 
21.756798 
23.558460 
21.592968 
31.956483 
9.833354 
27.369505 
23.211530 
24.219669 
28.171170 
23.502222 
27.483293 
27.212053 
24.833191 
29.604192 
31.534817 
22.771667 
23.740160 
23.134701 
31.496305 
23.253540 
22.782739 
26.221409 
22.049634 
26.859865 
22.544970 
22.229300 
23.467366 
23.469708 
22.096207 
31.873039 
21.475411 
10.563500 
26.542195 
24.263624 
21.571462 
28.069369 
29.108104 
27.592717 
22.278328 
26.520545 
25.087866 
27.937229 
26.984762 
25.022532 
11.030831 
9.833361 
9.833350 
23.981391 
9.894097 
29.546021 
26.473155 
9.833419 
28.303798 
27.394780 
25.264389 
25.086785 
23.533602 
23.444162 
24.321900 
26.125698 
27.819855 
31.583620 
23.502432 
23.474342 
32.040092 
21.666087 
24.039297 
9.833350 
32.917385 
21.388338 
23.910172 
22.311930 
10.144401 
21.555723 
9.833350 
9.833350 
22.387663 
27.014308 
26.993659 
23.689406 
10.610637 
9.833350 
25.808705 
9.882068 
23.370604 
30.534450 
23.370542 
33.114664 
24.800948 
24.745656 
23.149789 
9.833350 
32.410538 
24.531668 
26.359042 
24.154415 
23.517494 
23.219737 
32.129634 
27.236815 
24.168176 
32.913503 
24.237840 
24.096700 
24.257254 
10.362351 
23.815224 
31.846606 
9.975541 
9.834250 
27.511276 
26.843645 
26.778608 
9.833705 
21.855911 
27.087636 
25.104696 
23.054202 
23.545018 
22.825877 
9.833350 
22.767294 
25.251449 
31.767380 
9.833351 
28.290748 
21.710182 
21.232056 
23.865448 
27.608021 
25.934851 
24.932138 
24.164659 
9.961064 
9.833350 
21.731930 
32.323950 
22.465371 
22.757919 
27.040561 
20.492708 
26.863342 
23.962991 
25.338912 
9.989802 
23.385988 
22.979070 
22.189662 
22.013379 
21.935843 
23.908056 
23.088176 
29.241061 
9.833350 
26.960252 
23.725687 
21.518611 
9.871322 
24.238808 
22.511045 
30.384234 
22.032283 
9.833350 
25.358836 
26.142985 
21.637865 
23.584256 
24.228119 
24.500620 
9.833350 
22.922974 
27.433548 
31.603797 
23.495650 
23.936651 
9.957721 
23.501561 
22.541514 
27.948433 
21.552606 
25.772205 
24.156411 
10.015383 
22.154197 
23.141268 
21.747945 
31.025430 
22.547586 
33.078334 
21.612503 
27.311634 
22.956523 
28.811859 
23.140023 
22.534004 
23.855363 
9.839027 
24.168214 
23.269004 
9.833350 
21.864699 
28.963149 
32.602004 
9.833350 
9.833350 
28.975635 
9.833350 
9.994635 
30.000996 
23.437020 
27.492490 
22.645541 
21.833715 
24.031569 
23.780188 
28.043039 
11.838601 
23.793877 
28.554015 
27.636756 
10.744566 
21.264126 
9.898476 
9.833653 
23.277098 
23.915777 
22.976245 
24.193427 
24.588480 
21.407917 
9.833361 
9.833350 
9.833350 
25.181192 
23.140875 
32.625365 
9.838282 
25.982110 
27.988342 
24.070136 
24.371493 
9.833350 
11.455522 
24.895735 
9.833350 
30.865254 
25.878450 
21.749862 
23.901153 
9.839825 
21.272560 
22.760634 
22.775336 
21.546573 
23.266446 
21.922353 
27.560759 
21.283239 
28.832554 
15.208083 
30.213223 
23.443695 
30.257927 
25.102871 
27.490304 
9.833350 
25.446833 
24.969637 
26.315220 
23.676788 
9.833350 
23.897420 
24.362112 
9.833350 
22.743766 
23.990962 
23.526721 
9.833522 
27.638163 
23.142445 
23.037002 
26.722352 
28.531948 
22.872411 
32.293598 
31.012109 
26.380557 
10.017982 
24.798066 
24.704498 
32.748752 
25.467472 
14.650403 
25.109295 
22.493496 
23.625155 
25.206345 
26.626174 
26.470806 
26.946135 
9.833351 
22.881695 
9.833350 
29.067317 
23.426085 
23.345671 
27.702592 
22.379228 
23.836693 
31.043707 
23.398895 
27.196498 
24.110428 
24.047642 
30.923097 
22.789922 
21.949731 
23.398531 
23.608904 
27.089692 
23.768145 
23.459959 
24.055133 
23.987832 
24.999064 
22.741309 
29.538796 
23.421093 
22.650515 
31.693783 
23.249254 
24.555919 
23.641527 
11.500226 
24.679245 
23.950374 
21.589691 
22.672341 
24.588445 
23.007095 
9.972138 
23.932906 
25.078587 
29.040107 
9.852612 
9.833350 
21.227935 
9.833350 
31.748369 
31.279938 
26.356785 
33.694260 
22.899749 
28.274712 
27.757618 
12.224033 
23.071605 
25.298973 
22.263519 
21.386085 
24.115733 
23.849684 
22.211346 
23.783081 
10.466354 
23.141057 
22.075434 
23.486015 
23.515219 
23.464862 
23.541422 
22.735039 
23.810475 
9.860136 
22.226488 
32.646161 
25.030695 
23.997051 
30.823981 
9.833493 
27.627022 
23.270383 
26.634648 
33.481750 
31.833153 
24.101981 
24.636893 
21.908611 
25.678590 
9.833350 
25.653401 
24.169389 
24.428670 
33.173522 
23.798546 
23.260800 
23.300412 
24.481123 
23.493255 
22.628462 
22.316466 
21.829341 
31.061324 
21.985039 
27.738297 
28.771193 
23.210882 
9.833350 
26.007111 
25.670024 
28.224316 
9.833350 
23.707622 
23.429836 
22.206854 
23.152975 
26.823475 
25.026606 
22.496300 
23.613967 
21.622767 
27.979572 
25.940553 
25.914397 
23.338539 
27.986742 
32.923938 
25.943171 
23.960526 
