4.052142 
12.503072 
17.026233 
7.422994 
20.663000 
26.258362 
11.879352 
29.235525 
24.872657 
20.248582 
9.893246 
10.935008 
27.497539 
34.994370 
22.417913 
7.922769 
23.967198 
6.305425 
9.452118 
10.500641 
27.399722 
29.005778 
7.831101 
12.779760 
25.396452 
16.925816 
12.656751 
20.878632 
21.664669 
38.087707 
6.114727 
23.546651 
8.584371 
9.160685 
28.547755 
30.945731 
28.916143 
7.992820 
28.862671 
40.360782 
6.715002 
30.111402 
13.683128 
8.629196 
2.275405 
32.086757 
52.425768 
32.190090 
8.284809 
32.408569 
23.956694 
42.419732 
32.523058 
44.741142 
9.756882 
8.831598 
32.842991 
27.937764 
5.773670 
25.441670 
19.349281 
9.547717 
15.100788 
34.590776 
15.219392 
10.133495 
6.732368 
29.051046 
21.547516 
23.414820 
7.076386 
8.462583 
27.731207 
28.495369 
8.283530 
33.855513 
10.760146 
50.008193 
11.503495 
14.578081 
26.576607 
26.690782 
22.321727 
20.193028 
6.428707 
11.209744 
61.309113 
11.891978 
34.979841 
24.306335 
19.847556 
13.913116 
29.313421 
9.146033 
26.085053 
18.241758 
27.193381 
7.761068 
29.590591 
22.766869 
14.344304 
24.102751 
12.295144 
11.170500 
8.741006 
8.378834 
12.737956 
2.941293 
57.746316 
23.838263 
10.239995 
5.702522 
22.885780 
9.122578 
2.500385 
2.400286 
22.314596 
37.771112 
23.534093 
31.222560 
9.576173 
7.549201 
11.439761 
51.477961 
9.605795 
29.089226 
9.622121 
31.822397 
23.066517 
26.058878 
24.141038 
24.122211 
42.903256 
24.885353 
13.431639 
7.421226 
12.005627 
18.801567 
32.470546 
14.592441 
30.840751 
23.003405 
17.180280 
25.779767 
12.798114 
29.993310 
10.388716 
21.457990 
11.795873 
14.113656 
25.231336 
24.054283 
8.628702 
8.036236 
5.424684 
9.463235 
12.823064 
8.127897 
32.535131 
27.240699 
1.899160 
11.122656 
21.416744 
28.755981 
8.053159 
25.266297 
7.929854 
5.596972 
8.703098 
6.189770 
25.127769 
35.198370 
22.561606 
30.181797 
2.060954 
9.907507 
44.588275 
12.939016 
6.978286 
27.167395 
8.674018 
5.914543 
23.861182 
17.140508 
15.308001 
32.427008 
29.988090 
13.367307 
9.266713 
6.812713 
28.083455 
3.714753 
19.674689 
32.012701 
8.200497 
11.543613 
3.017294 
25.887859 
32.100861 
8.351858 
12.393296 
23.664568 
2.417114 
20.822062 
43.752883 
3.131457 
9.833832 
8.679483 
24.765825 
7.752476 
8.543796 
25.898224 
12.116047 
15.285325 
17.636748 
26.252969 
23.031646 
7.673330 
22.792250 
11.931011 
8.040478 
26.432317 
11.452424 
10.303973 
28.993479 
10.276674 
50.239595 
6.455063 
35.794270 
12.726464 
23.416904 
15.203539 
24.453663 
24.494232 
7.182945 
16.103616 
19.364654 
27.868471 
29.002333 
3.125267 
15.549822 
26.454815 
36.349620 
2.910504 
49.815298 
34.164859 
11.782799 
23.168981 
10.441216 
9.919870 
8.968092 
47.921723 
7.757691 
27.294617 
7.533230 
24.102724 
22.972879 
31.673587 
48.201746 
24.622776 
12.975874 
2.736397 
23.640938 
7.743714 
25.030964 
30.394428 
30.144549 
13.774507 
22.415013 
6.472664 
24.039757 
8.382248 
50.444105 
23.535671 
15.453326 
51.636567 
11.600428 
8.678636 
30.483737 
28.260616 
14.924632 
31.407071 
31.822013 
37.688626 
30.154062 
27.499084 
15.861206 
7.891902 
26.922874 
13.881184 
4.963626 
20.419257 
29.652846 
7.632000 
29.393459 
3.379658 
29.425511 
5.640544 
25.021208 
24.733069 
28.677677 
23.714537 
22.668526 
23.153759 
24.556897 
2.022987 
32.294600 
26.529991 
22.490510 
60.705463 
24.291681 
57.551090 
20.392121 
7.999790 
24.128794 
38.539282 
23.248517 
7.612536 
26.290265 
24.935227 
49.134730 
22.411687 
25.655673 
13.605733 
23.493307 
25.881665 
28.666265 
50.179097 
8.718739 
24.274646 
14.405169 
22.905467 
22.705755 
28.412308 
8.144800 
27.916340 
10.301441 
21.451980 
15.280943 
37.811134 
8.536577 
8.541878 
2.264494 
32.772583 
24.729994 
33.936124 
34.356426 
21.980677 
22.560433 
38.064810 
7.236139 
28.299066 
23.538445 
13.760286 
62.574089 
29.445737 
32.148378 
16.027833 
13.513783 
37.422608 
17.731358 
11.144515 
29.727912 
29.711572 
20.618934 
16.006561 
29.810435 
15.470982 
15.437008 
49.103682 
24.185739 
28.345997 
33.381405 
28.633784 
24.071087 
6.325031 
22.190993 
25.037432 
61.368142 
28.977001 
13.492014 
30.219338 
25.997998 
10.091345 
29.969328 
1.960800 
2.822475 
8.438621 
12.206203 
28.435095 
46.792874 
25.924014 
8.564472 
53.521178 
29.955448 
27.940655 
19.535461 
36.721337 
30.717632 
4.353651 
7.508317 
29.106945 
6.835779 
12.062447 
12.502494 
26.613707 
24.187869 
25.281041 
23.063368 
22.818026 
13.223274 
6.548608 
10.032161 
13.308731 
30.729944 
52.097713 
44.458493 
9.004157 
31.850091 
22.546037 
38.280848 
10.061309 
29.169058 
28.487392 
52.864791 
9.743503 
19.839488 
21.053504 
17.000438 
7.804909 
18.846976 
13.601728 
38.660998 
54.940828 
31.229394 
10.304456 
29.809115 
24.314346 
31.980759 
32.153005 
6.408030 
15.316683 
32.995969 
19.398839 
37.665020 
32.057241 
5.279154 
2.608009 
16.580336 
28.969377 
12.577005 
27.841552 
6.257850 
7.623389 
16.930756 
25.190382 
8.820562 
33.798039 
10.325002 
11.819459 
7.859888 
19.867591 
6.416492 
32.614501 
30.536905 
13.285489 
34.052165 
10.738528 
28.109155 
