5.934622 
14.752651 
17.269126 
3.529144 
32.404465 
15.912764 
13.517151 
31.109998 
13.387042 
13.149939 
15.907911 
29.566639 
29.305976 
20.468589 
16.363680 
13.884519 
6.274650 
12.062003 
17.769892 
20.359779 
31.519905 
27.121366 
12.693683 
31.856489 
11.461338 
28.482598 
4.496487 
20.468461 
10.374545 
10.908401 
5.891975 
10.622821 
16.568323 
2.786240 
19.589832 
27.600321 
26.799114 
4.477445 
7.970127 
20.145826 
29.229924 
30.596437 
22.566427 
8.945676 
3.812806 
9.210279 
29.740295 
27.910943 
8.467733 
28.654903 
10.800186 
10.624305 
23.085223 
27.370821 
13.881122 
10.497627 
31.553211 
29.017549 
10.682096 
31.506815 
15.137858 
11.218994 
25.531465 
26.754012 
30.916237 
11.662851 
8.368103 
20.089338 
25.665043 
10.738305 
16.600153 
5.382816 
27.364039 
18.044238 
11.007954 
27.407968 
11.384305 
4.886631 
16.648236 
17.761178 
19.023650 
23.578017 
10.777143 
16.810526 
14.566964 
6.525507 
4.145316 
6.461027 
18.337312 
13.576213 
7.044474 
7.257192 
23.756328 
11.019650 
25.111473 
16.128065 
22.690980 
6.034232 
28.286576 
28.096607 
14.083281 
17.063156 
16.265141 
11.355471 
10.606527 
14.558157 
17.509750 
4.084229 
13.534149 
17.106009 
22.186727 
6.476598 
17.602240 
14.421832 
6.610552 
6.524224 
11.971546 
2.714948 
28.065540 
34.870391 
4.874862 
5.174133 
10.062073 
15.179678 
11.335619 
19.552295 
12.201057 
10.488212 
25.630701 
21.081051 
18.114696 
6.505449 
26.751458 
21.210940 
13.589535 
15.326487 
27.398169 
15.371737 
24.271425 
14.538374 
28.133235 
8.989531 
26.802085 
28.212995 
13.006889 
20.896795 
6.365665 
17.979443 
9.135495 
27.209770 
16.669480 
21.082408 
6.655266 
2.046274 
11.790869 
13.847271 
27.481846 
5.058854 
30.000686 
22.303915 
0.250112 
12.773129 
22.885398 
20.505592 
1.794915 
10.501941 
10.408423 
2.662969 
3.940778 
5.299034 
17.809629 
29.541023 
13.666917 
19.655764 
1.009550 
24.952363 
22.324638 
14.729098 
7.260645 
37.286701 
3.476556 
12.591194 
12.489103 
16.160506 
5.570822 
23.912157 
28.667450 
18.699510 
14.735328 
11.887852 
28.620980 
2.486464 
10.110588 
7.040315 
7.609067 
12.255493 
17.273160 
7.189025 
16.621900 
2.433063 
20.743561 
24.135866 
1.859062 
17.057729 
24.608217 
17.619984 
14.637114 
10.284931 
17.173381 
6.573925 
6.861720 
28.771973 
12.141011 
18.175406 
15.701690 
7.436309 
6.057258 
3.623823 
22.974200 
17.826841 
9.221228 
17.461868 
8.523233 
17.248422 
18.335376 
19.684365 
10.299599 
8.527835 
16.267130 
11.048114 
13.373849 
13.101964 
12.403343 
21.934949 
6.309142 
17.643488 
18.717109 
15.075881 
29.146958 
1.648298 
15.900589 
10.577611 
30.085471 
1.698727 
6.786025 
27.371710 
6.769192 
11.772257 
6.415204 
4.785400 
5.223131 
18.262855 
9.746691 
30.620306 
6.187909 
13.001529 
10.639354 
18.040893 
17.163081 
25.448378 
5.409752 
2.824499 
2.930929 
3.414962 
27.975736 
22.521621 
27.797557 
12.603725 
14.651061 
13.687012 
4.105374 
6.728165 
4.516666 
15.205433 
12.703327 
23.557497 
6.478565 
12.945182 
18.234074 
26.960303 
17.175027 
6.726523 
21.069306 
25.425831 
6.115917 
24.794016 
13.644173 
9.243663 
17.721129 
28.226475 
4.037228 
16.829928 
23.600037 
2.602843 
21.420756 
6.133681 
18.311843 
12.977652 
11.212361 
20.535336 
26.899374 
21.930506 
11.284207 
18.068573 
20.547278 
1.322433 
20.640475 
17.805662 
21.992438 
17.805252 
9.939874 
13.122757 
32.395863 
6.611876 
10.409417 
17.583056 
10.556694 
6.529460 
18.931454 
8.196451 
21.166198 
10.251507 
28.943536 
16.136612 
12.274253 
18.999759 
21.421031 
17.718865 
2.520360 
24.488974 
6.943351 
22.524060 
5.573239 
20.421859 
18.803551 
14.466433 
11.003121 
18.143020 
16.095165 
10.711391 
7.778556 
8.137258 
1.141313 
10.946022 
18.115022 
22.151150 
21.350361 
15.879845 
29.119206 
17.447769 
16.860851 
34.900248 
16.950923 
16.657069 
17.154967 
22.529009 
17.742880 
15.110279 
21.461071 
2.275668 
22.682137 
4.040415 
17.422948 
30.702322 
27.754896 
27.641777 
23.658188 
14.633503 
16.304925 
24.164715 
20.080956 
33.479327 
24.932533 
15.946188 
25.957958 
11.236977 
20.468255 
18.000632 
28.119207 
17.484634 
5.317780 
27.938625 
19.253651 
6.752911 
21.725911 
0.221293 
2.473476 
3.772413 
4.848075 
22.678658 
24.072652 
15.472622 
7.003327 
23.576811 
16.404458 
29.903975 
20.380147 
29.622569 
22.098939 
12.205549 
7.218837 
24.060279 
16.869990 
20.020994 
3.129781 
22.036403 
17.920830 
25.415748 
13.911254 
11.763106 
16.486842 
7.090176 
10.078163 
16.001790 
17.106522 
6.399842 
29.227383 
7.380543 
17.188125 
6.002425 
10.233608 
11.401591 
28.618942 
12.006471 
26.675073 
9.998441 
26.118744 
16.139691 
16.957397 
1.384231 
17.860302 
17.573050 
21.109379 
18.534938 
20.755223 
16.260561 
14.038912 
24.075443 
27.918383 
24.914189 
11.475125 
18.091510 
25.131311 
15.198603 
2.589774 
20.826363 
3.045328 
2.282937 
17.397703 
23.252704 
10.947925 
7.061847 
10.797334 
7.813944 
16.103768 
20.916523 
6.749592 
11.154565 
5.192519 
13.580739 
16.778540 
7.426422 
2.203367 
17.955933 
17.117856 
20.556417 
13.492365 
10.396581 
30.012485 
