40.058913 
47.933300 
32.689528 
10.592305 
7.872470 
35.383995 
14.935438 
26.360501 
39.450205 
18.055893 
18.353040 
20.124623 
47.933300 
39.118537 
47.933300 
11.329838 
5.189307 
8.340782 
32.482786 
27.422313 
27.267251 
17.220304 
4.953700 
11.834151 
12.803451 
15.753783 
13.052282 
23.487799 
8.127009 
36.133917 
3.880608 
8.355666 
5.923468 
6.796751 
22.532659 
27.898957 
8.869322 
40.616734 
40.620732 
25.858421 
7.087063 
32.676321 
26.439869 
15.923900 
40.616550 
9.209919 
25.689410 
20.578727 
6.975561 
30.241074 
12.581841 
6.643883 
18.216813 
16.780602 
4.708743 
30.972827 
21.169001 
28.688455 
6.360702 
24.316566 
31.829062 
16.809141 
7.614694 
24.342839 
19.138764 
21.757995 
39.964190 
32.472145 
30.306075 
20.182597 
6.577173 
39.541684 
10.884143 
39.043707 
23.943130 
31.260364 
6.172171 
40.312398 
36.788836 
34.037542 
22.773286 
27.649524 
40.277912 
28.313211 
3.655935 
40.576423 
40.616652 
13.399801 
41.403981 
20.715882 
8.203990 
38.621562 
16.956560 
8.003393 
40.300820 
28.573460 
22.931378 
17.682323 
27.135193 
26.273218 
6.560495 
15.466854 
21.453168 
37.954605 
7.081876 
8.604342 
8.459230 
40.615720 
40.617031 
28.960702 
7.552835 
6.918912 
41.416409 
36.325183 
40.624524 
40.618754 
22.753300 
2.640534 
26.248157 
21.758148 
40.199177 
40.620510 
37.530076 
40.642189 
7.240281 
35.876431 
38.165211 
47.933300 
29.358629 
20.541420 
10.505013 
40.665750 
7.586592 
11.747270 
12.726632 
7.145415 
8.902584 
13.523866 
47.933300 
6.828961 
33.242045 
47.933300 
21.529754 
29.936838 
38.573914 
43.529791 
8.281393 
43.872220 
32.281593 
47.933300 
35.036911 
24.122714 
10.173664 
2.601190 
7.476431 
9.573446 
5.718918 
6.970165 
25.164129 
40.367093 
40.616650 
13.891699 
35.546973 
24.617785 
39.109052 
18.936461 
28.313753 
2.541042 
11.911391 
8.018976 
8.129529 
33.970270 
37.962178 
40.619161 
40.616650 
8.161790 
25.081691 
26.113809 
11.263246 
4.299947 
4.190015 
21.302420 
39.107150 
36.035992 
19.811067 
38.718235 
31.776421 
39.026131 
23.756404 
5.869282 
31.393453 
6.154106 
24.611238 
40.644821 
34.688652 
37.541609 
35.481600 
38.932836 
7.269365 
3.014340 
8.644263 
27.367224 
40.634820 
31.477542 
19.363257 
40.608004 
39.338312 
38.451147 
35.717735 
40.627710 
14.000662 
41.838086 
17.669869 
38.489875 
36.970367 
38.219268 
40.616570 
32.868319 
30.259778 
36.709110 
4.847682 
36.886116 
25.496558 
27.021807 
38.295789 
6.215003 
33.953764 
6.659382 
16.556727 
9.222349 
11.431078 
24.787628 
9.334500 
37.718757 
23.585434 
8.510995 
6.439178 
47.933300 
40.919868 
40.616650 
32.448709 
39.529833 
18.043036 
40.737342 
42.601023 
36.152426 
37.340520 
40.462061 
7.548714 
3.933074 
6.066652 
27.179927 
8.134830 
19.374678 
40.591932 
34.607979 
40.487347 
31.024946 
24.096269 
40.859291 
36.545684 
8.376425 
40.575767 
40.373340 
10.629368 
27.134942 
34.319008 
18.465976 
37.833846 
28.334371 
40.238411 
40.676425 
40.639052 
39.199085 
14.147272 
28.079377 
19.584320 
5.974670 
41.134199 
38.395481 
7.196368 
40.618069 
47.933300 
26.230976 
40.617369 
6.096967 
13.832984 
22.051865 
25.635491 
15.553079 
7.717949 
37.299828 
33.828114 
2.835852 
26.046079 
4.007012 
41.032442 
26.607326 
4.476937 
40.656048 
47.933300 
24.348369 
6.629483 
40.080990 
34.466124 
40.616657 
35.537160 
39.540337 
22.962837 
32.454210 
40.626090 
22.971288 
25.926265 
39.371382 
27.924827 
25.170846 
40.265073 
40.337088 
43.846201 
8.544795 
33.832958 
3.328473 
14.380207 
17.424354 
16.706694 
10.463787 
20.928201 
40.197475 
7.309073 
30.000943 
8.555281 
38.572950 
40.580310 
38.156492 
8.190461 
16.906578 
28.957892 
22.157502 
16.782490 
36.172406 
42.984002 
39.774520 
40.616650 
26.653655 
23.655480 
26.884097 
26.358674 
33.689376 
20.732674 
6.142349 
47.848709 
3.870507 
35.973812 
14.804484 
11.435773 
36.325280 
34.458040 
21.805887 
19.813614 
2.816722 
8.308077 
7.674198 
35.217704 
24.645138 
8.209690 
27.947529 
34.176686 
35.211071 
32.086229 
34.387601 
33.583791 
20.847161 
26.012966 
47.933300 
34.965870 
7.362963 
39.767768 
27.268029 
25.500579 
27.877613 
38.497548 
13.524400 
31.252509 
6.195950 
40.727095 
40.616650 
7.727558 
40.623793 
7.375277 
47.933300 
38.365039 
20.157810 
38.856562 
35.822424 
33.670651 
41.709267 
24.355645 
30.810020 
37.781259 
31.267178 
7.345175 
34.193595 
20.578980 
29.949014 
34.862446 
11.112071 
36.565737 
26.965595 
38.825222 
37.905081 
14.141542 
23.056065 
17.625681 
23.287011 
26.474694 
7.107535 
36.129018 
6.810441 
39.901532 
39.813772 
2.767676 
37.663739 
42.485773 
5.444368 
24.891534 
8.380252 
12.353118 
36.874762 
36.096508 
40.616836 
7.326181 
10.326667 
23.168413 
15.545189 
39.365527 
11.265187 
10.082540 
47.933300 
38.692817 
28.369348 
5.443654 
21.694022 
14.262701 
14.091793 
3.883899 
37.004312 
4.484613 
40.515586 
8.807718 
7.872776 
7.252294 
40.893380 
35.216331 
11.620081 
26.741115 
30.325145 
7.706511 
11.219232 
10.486364 
14.552901 
40.019693 
7.417611 
3.745362 
25.081329 
24.502088 
16.817649 
47.933300 
5.110394 
32.509010 
