44.313646 
18.602819 
37.764742 
48.451092 
40.121832 
45.265212 
45.091429 
43.249412 
45.759315 
44.444517 
44.298388 
42.268514 
41.238527 
45.632561 
44.203951 
43.378955 
41.445271 
44.744824 
42.783557 
39.428797 
47.684735 
41.900941 
39.378690 
42.888751 
39.935718 
44.942391 
46.325379 
40.211922 
42.569617 
49.000000 
40.041424 
38.688832 
43.449968 
40.121964 
38.747428 
43.138492 
42.208732 
36.947708 
37.244433 
43.982576 
40.991851 
46.058060 
45.102982 
45.423906 
36.976229 
42.210252 
44.363897 
42.840987 
42.076564 
44.377607 
37.852721 
44.059997 
40.615943 
45.572125 
42.409111 
40.874577 
40.984548 
42.620684 
44.904873 
43.568215 
47.145124 
43.432499 
37.265282 
46.217935 
45.374096 
44.300819 
48.399680 
42.067854 
37.911962 
43.013512 
44.938267 
48.136192 
43.268381 
44.421545 
40.039998 
44.713658 
39.249420 
38.126535 
38.460017 
40.063672 
46.125557 
43.368098 
49.000000 
39.531313 
35.719853 
42.434461 
17.981567 
40.788648 
44.806717 
40.940879 
42.516513 
37.564058 
43.031539 
43.677700 
39.835244 
43.888020 
39.161536 
46.458592 
44.204167 
42.119191 
43.434284 
42.779375 
40.659844 
37.385214 
41.569134 
43.952764 
42.247124 
37.039582 
45.042397 
37.212934 
40.834476 
42.897418 
37.841390 
44.385535 
24.346883 
44.528784 
38.931879 
49.000000 
31.265969 
42.707973 
40.381508 
19.516548 
42.583051 
44.469893 
38.124933 
42.377623 
38.343877 
42.245279 
40.397793 
40.421205 
39.406917 
36.369301 
40.529269 
39.549701 
43.930242 
42.527801 
43.490563 
45.628525 
42.609632 
41.232170 
40.839370 
42.795293 
43.754251 
45.115306 
37.833241 
43.789944 
45.672117 
41.539496 
44.378072 
18.649142 
43.112842 
39.866780 
44.350120 
42.837107 
39.419229 
44.192858 
40.898699 
38.019764 
39.019782 
37.209823 
17.816650 
44.483224 
42.011199 
41.192397 
24.386285 
42.520349 
39.335069 
40.178104 
44.020673 
44.344531 
37.682646 
42.246338 
37.424824 
37.674270 
17.820195 
37.821465 
44.673614 
45.484997 
45.585171 
40.774554 
43.567222 
43.198507 
37.830510 
38.559889 
46.108993 
39.276425 
42.632600 
46.245155 
40.956735 
42.045622 
44.163644 
39.717533 
47.411844 
45.014573 
45.618734 
45.946446 
45.545580 
42.597245 
41.058041 
40.485636 
44.457681 
38.615145 
45.836575 
43.986258 
40.906477 
36.938742 
43.854444 
44.416275 
38.792741 
37.324040 
44.960865 
42.246095 
44.079153 
38.155765 
43.341914 
44.276557 
36.919970 
39.719659 
44.658048 
45.143007 
42.181200 
37.837015 
45.174709 
39.697280 
40.236161 
44.677449 
42.243501 
42.850004 
42.545834 
40.337404 
43.403793 
46.224005 
40.255073 
37.690567 
38.124807 
38.668167 
23.450823 
44.509585 
43.227654 
21.569885 
37.913842 
39.526072 
43.466738 
25.358515 
20.199883 
42.681928 
19.815530 
37.848192 
43.232921 
43.035869 
42.912979 
40.842033 
38.425149 
44.758827 
37.291970 
41.480349 
45.810489 
40.692735 
39.113194 
38.145384 
45.607166 
40.385675 
49.000000 
38.055380 
44.502942 
39.329717 
44.240854 
42.180825 
39.587989 
37.304311 
45.732755 
37.935468 
46.351543 
42.277811 
43.904703 
42.336372 
43.957121 
42.321217 
44.408832 
39.031267 
42.365918 
37.136572 
19.267314 
45.328610 
17.937148 
42.286837 
42.378968 
42.212598 
42.979373 
20.078446 
41.364178 
44.216086 
43.028738 
41.502760 
44.259198 
41.340041 
39.725894 
45.592825 
38.718589 
37.582222 
43.346899 
38.060291 
42.785948 
38.030186 
39.413411 
18.212064 
41.246402 
37.894505 
43.047461 
39.855371 
36.982540 
45.053462 
39.803213 
43.322689 
44.330420 
46.477263 
37.891236 
42.633078 
42.411589 
39.776006 
45.447505 
38.041637 
43.189917 
45.560999 
42.735499 
42.295273 
42.676472 
44.443320 
49.000000 
42.988985 
44.005480 
37.479346 
42.468884 
37.917424 
39.276430 
38.111627 
39.770945 
42.723220 
43.099594 
49.000000 
21.252268 
37.082308 
22.640182 
49.000000 
42.312687 
41.393858 
39.848852 
40.651816 
39.709983 
40.119362 
42.508542 
39.668416 
40.675947 
40.337249 
40.806561 
39.604332 
37.324484 
44.762052 
42.672258 
49.000000 
39.380829 
40.253937 
42.229645 
42.988590 
40.936279 
45.286515 
40.283769 
39.097615 
44.917898 
42.124837 
39.096478 
42.331668 
38.421730 
43.945660 
41.812996 
41.118394 
40.889378 
38.637052 
44.147051 
44.561411 
44.857579 
44.761261 
42.543370 
43.377499 
44.651784 
17.816650 
37.339744 
21.222326 
46.188347 
42.358190 
37.699396 
43.345408 
39.132938 
44.320684 
37.865801 
37.379696 
45.643188 
41.725540 
42.067332 
37.477499 
42.750652 
43.027234 
46.412247 
42.079353 
44.455757 
36.272752 
37.574949 
46.127459 
41.205398 
38.084107 
43.849629 
39.434443 
44.734201 
45.118737 
38.047519 
40.552495 
42.851131 
38.637661 
37.693133 
42.251117 
49.000000 
46.565368 
41.436719 
40.902681 
43.912350 
42.759990 
41.591403 
37.806561 
42.839651 
37.349508 
39.956512 
41.823753 
40.944031 
45.480257 
39.264503 
42.900188 
44.604136 
42.632105 
43.404292 
45.589372 
43.957561 
43.799381 
41.455781 
37.948848 
49.000000 
43.607180 
42.152448 
45.118901 
42.962673 
41.259761 
42.697763 
45.995779 
47.743284 
44.404121 
41.083138 
39.363650 
43.852099 
49.000000 
45.185949 
43.900620 
37.009040 
39.115750 
42.897141 
43.744681 
39.418287 
44.735515 
42.003534 
43.517826 
42.739642 
