13.355892 
8.786454 
22.938087 
29.591072 
3.001006 
41.028135 
47.933300 
16.924169 
26.390740 
20.289323 
8.476554 
28.558575 
40.613446 
47.933300 
12.385756 
24.065377 
14.984119 
23.711629 
39.955011 
34.231191 
7.949027 
24.304485 
7.604677 
47.933300 
14.179394 
40.409309 
33.882749 
30.406640 
8.553999 
21.547673 
39.428448 
3.014042 
43.939300 
8.555055 
26.554434 
19.889794 
22.264935 
22.292329 
16.208426 
25.640227 
7.273594 
23.931270 
27.173307 
32.379310 
7.773507 
38.122489 
40.617023 
37.800405 
40.965371 
8.787586 
14.268355 
44.756891 
37.892542 
20.057752 
27.706668 
40.790528 
31.536602 
24.279193 
40.616805 
11.595413 
36.320073 
35.135691 
15.970656 
46.817334 
26.250524 
27.208545 
14.452738 
25.077083 
8.167160 
40.616650 
40.108164 
30.462889 
36.330597 
31.720279 
23.938444 
8.256415 
7.638727 
30.444150 
11.384253 
28.932011 
7.026109 
40.407635 
37.171234 
31.302054 
47.933300 
42.743412 
30.166824 
12.946037 
47.933300 
30.109311 
8.405726 
5.511810 
15.219538 
18.847696 
4.656396 
47.933300 
3.699453 
33.554872 
9.181188 
47.933300 
6.691786 
9.518721 
17.842173 
47.933300 
19.119775 
6.250610 
6.726139 
6.991276 
4.719989 
47.933300 
4.575191 
6.459218 
41.359947 
11.593493 
36.039485 
40.855827 
3.660875 
47.933300 
16.629880 
34.914166 
28.655214 
13.613497 
30.097524 
40.729158 
47.933300 
17.688551 
9.800042 
4.949238 
37.005864 
39.118794 
39.470715 
33.655238 
13.611925 
40.665253 
42.710250 
37.418050 
39.921439 
8.066313 
4.060672 
41.187528 
4.590433 
16.036376 
37.103837 
47.933300 
22.117445 
41.044633 
6.498886 
20.435639 
47.933300 
39.215858 
16.032550 
8.423131 
47.933300 
7.951101 
30.307345 
46.500785 
3.601456 
40.616650 
47.933300 
34.422227 
19.781067 
31.486988 
16.932183 
10.362652 
46.110704 
47.170605 
6.946748 
44.966880 
40.616657 
38.504429 
47.933300 
40.735532 
17.246828 
29.656016 
15.463565 
40.899126 
47.933300 
40.628322 
30.506116 
41.704556 
33.014991 
36.797912 
28.551630 
36.903469 
26.834200 
8.407541 
34.223138 
47.933300 
26.987272 
47.933300 
16.082005 
20.287721 
40.732387 
25.715749 
34.575101 
32.162654 
41.079409 
18.680999 
40.616650 
21.271060 
40.616650 
8.292847 
18.103245 
24.895222 
33.764859 
40.616673 
40.155814 
34.774381 
37.801993 
39.567071 
47.933300 
15.674227 
26.590005 
43.033877 
44.442478 
38.925911 
16.578682 
41.740048 
40.047310 
15.267839 
41.477123 
47.933300 
18.049690 
33.623877 
28.175262 
19.765679 
16.306121 
39.983242 
12.282356 
43.013793 
15.561394 
47.933300 
37.347225 
47.933300 
24.570863 
42.258678 
47.933300 
37.295004 
35.771707 
44.739602 
26.824952 
18.140790 
35.903650 
43.360553 
44.892470 
42.808990 
47.933300 
23.681114 
43.137736 
42.290782 
44.144163 
28.308968 
22.584924 
40.913062 
40.616664 
24.071780 
42.442596 
34.333509 
35.243867 
24.299799 
6.579403 
40.658663 
37.395316 
25.118852 
31.662728 
45.272871 
47.933300 
40.849609 
24.633697 
12.874916 
36.036593 
13.820945 
30.865347 
41.936043 
21.933645 
7.316496 
47.933300 
34.357458 
39.522770 
40.616671 
40.616668 
40.621464 
15.745208 
19.182854 
40.933818 
34.197575 
40.618153 
28.539336 
18.670781 
8.202390 
40.588394 
12.354109 
40.616947 
40.616651 
10.053847 
27.261957 
40.258315 
40.616650 
34.837542 
40.887963 
40.446486 
32.457687 
20.701655 
37.129241 
40.617526 
33.415742 
16.640683 
23.354814 
35.058517 
40.052871 
36.207304 
38.930618 
7.967722 
19.973501 
34.656753 
37.859303 
40.621930 
8.535791 
40.116902 
36.818207 
40.607745 
15.296200 
40.618523 
3.288477 
40.440193 
17.203367 
40.653705 
40.616668 
40.616650 
40.657410 
26.024039 
15.909817 
25.430794 
40.684567 
37.437709 
40.616801 
18.272174 
6.123613 
20.795722 
6.780843 
17.959710 
37.557396 
40.097578 
47.933300 
17.004573 
47.933300 
17.582797 
33.898475 
10.844131 
11.240961 
10.509495 
40.693610 
40.508053 
36.441477 
40.617941 
27.332443 
13.129916 
27.468707 
17.336881 
13.815662 
7.046204 
7.161125 
40.616899 
18.634579 
40.521154 
37.919459 
36.363502 
11.570218 
4.738297 
38.991324 
19.840899 
9.376894 
40.346454 
40.649237 
30.009243 
16.334362 
40.625630 
40.623011 
41.086879 
19.169294 
40.616650 
25.535836 
40.616659 
42.037268 
12.160461 
38.529343 
24.177936 
33.748106 
6.061688 
10.422535 
12.221856 
30.494801 
40.764195 
40.616730 
23.977936 
41.446319 
11.266670 
28.247393 
10.673103 
40.616650 
31.443781 
40.619099 
9.343452 
39.715000 
40.314479 
40.616650 
47.933300 
5.449661 
41.354910 
35.414845 
28.210154 
7.345083 
47.933300 
39.524739 
29.960886 
18.300156 
7.414461 
6.615661 
6.441498 
37.144718 
40.378161 
15.760711 
8.061583 
22.466415 
13.957627 
8.835720 
15.630575 
10.925902 
17.240574 
11.627024 
40.617279 
40.162041 
37.516066 
8.661130 
7.224218 
27.665166 
39.932412 
37.670020 
34.636746 
4.693800 
20.520273 
47.933300 
8.463354 
27.342181 
42.646216 
35.363566 
8.306582 
27.240066 
22.043954 
46.236078 
40.500783 
15.514796 
40.904131 
16.863860 
23.862272 
6.233496 
32.081593 
13.185406 
22.644167 
29.196150 
30.530738 
36.867496 
27.495861 
34.549488 
11.717779 
22.244968 
35.909618 
8.470135 
8.085759 
43.237983 
25.642081 
34.641291 
40.621415 
6.750058 
6.301904 
6.861538 
35.313909 
8.233919 
20.910816 
16.090680 
19.132113 
32.278783 
6.912060 
34.088720 
39.002335 
25.038445 
20.474530 
28.457569 
19.756001 
40.446986 
35.517039 
27.430609 
25.763894 
39.707992 
47.540432 
16.314596 
27.505369 
20.686130 
40.618468 
12.305004 
40.559514 
32.428387 
41.077721 
17.319384 
22.612676 
25.655915 
8.241928 
27.995162 
21.014670 
4.668274 
39.346525 
23.791200 
3.012288 
40.616644 
29.511789 
8.371287 
16.953358 
8.844359 
17.499436 
37.049149 
31.195677 
15.779881 
20.137356 
8.342445 
34.162119 
34.132422 
40.557150 
4.210824 
32.244444 
38.258089 
