14.555910 
13.218686 
27.785011 
35.041827 
33.190284 
8.437339 
23.190375 
3.925830 
18.308722 
14.773814 
9.585443 
35.818435 
8.138027 
13.678461 
12.266990 
24.121594 
11.321670 
34.488312 
19.202321 
17.571966 
9.658340 
17.763238 
10.236120 
19.989408 
13.210480 
30.203423 
25.231296 
17.980787 
9.931562 
8.454718 
12.076124 
42.722488 
26.053481 
15.022478 
8.728793 
10.740886 
7.544047 
36.711871 
14.015049 
27.984750 
15.661481 
30.113885 
14.105809 
15.679343 
21.507143 
15.044544 
12.462878 
35.664363 
10.317465 
23.124621 
13.413527 
18.054311 
21.440067 
17.309718 
26.571739 
7.826331 
17.196439 
12.289692 
8.397945 
15.031801 
15.336933 
13.114807 
14.689933 
14.767298 
11.296466 
24.380337 
33.759368 
32.989479 
6.559741 
0.258494 
6.196187 
14.660101 
40.967470 
9.410027 
16.153851 
14.154008 
20.303250 
24.726830 
27.320675 
35.489149 
12.304139 
22.020012 
17.453700 
28.259402 
25.993086 
29.848236 
36.209137 
26.892852 
8.381288 
36.566291 
24.268979 
31.804559 
24.220135 
16.274801 
13.737955 
21.116286 
14.624850 
28.305369 
18.604073 
24.493270 
16.620715 
23.370521 
24.880699 
18.365546 
32.076274 
14.734993 
12.479653 
16.003258 
8.299619 
24.013020 
41.573668 
6.242518 
32.992604 
23.952088 
19.495135 
8.357575 
14.829505 
24.998478 
12.044224 
19.734833 
40.952251 
36.407860 
27.418150 
8.249777 
16.431383 
13.918057 
26.776852 
34.990931 
34.516085 
8.577293 
18.630081 
26.449381 
15.961073 
12.201326 
19.569871 
14.314759 
34.922498 
20.215201 
11.144388 
8.017177 
14.739707 
26.390809 
37.804809 
23.015640 
14.850718 
35.600985 
23.016017 
12.235501 
17.562949 
33.484432 
23.410434 
20.017217 
26.594646 
28.154849 
24.996513 
24.667812 
5.764320 
0.209308 
28.430778 
16.961053 
30.991714 
11.216985 
18.106476 
15.001773 
26.014150 
30.803037 
12.462939 
18.409447 
6.191308 
35.249644 
28.786892 
7.679044 
41.044511 
13.987107 
12.719829 
18.564035 
20.653217 
11.634190 
23.947057 
32.858529 
13.994202 
18.207390 
39.364632 
33.122401 
15.246018 
23.996581 
30.241295 
34.223411 
32.785213 
33.464369 
32.541832 
9.455243 
22.268044 
8.072029 
29.459263 
29.024128 
24.498793 
35.406769 
2.242808 
17.441390 
15.336155 
24.771481 
8.580984 
37.463149 
12.246621 
2.329429 
16.841076 
37.318898 
42.055674 
12.028477 
28.860627 
13.023281 
40.220555 
7.512944 
25.113127 
15.895026 
18.987510 
17.577934 
12.199470 
28.613218 
7.815994 
31.388916 
28.882621 
21.372409 
35.373680 
19.353606 
4.840108 
25.267042 
33.066378 
15.235878 
36.371882 
30.229277 
35.818353 
34.828462 
24.073376 
35.064719 
22.245474 
6.333417 
33.157603 
25.078423 
16.386349 
35.509113 
37.482913 
32.970631 
8.064640 
34.708943 
18.855651 
38.895561 
29.085702 
18.453206 
17.502865 
18.314128 
38.850971 
14.669880 
15.576647 
17.290570 
15.556615 
32.245439 
19.532937 
34.461505 
35.076870 
12.410891 
19.221035 
16.383780 
22.735892 
35.817566 
12.124888 
15.262032 
14.947364 
16.896762 
18.618628 
7.063683 
19.419220 
14.196963 
36.164297 
22.716210 
22.750174 
15.929044 
15.566977 
12.427287 
2.936298 
6.213259 
35.268077 
32.761816 
14.457074 
27.024496 
6.031667 
12.307041 
25.700589 
13.829852 
11.685167 
14.687362 
4.128375 
15.379958 
13.579371 
35.932112 
8.888068 
8.407925 
15.006708 
16.777477 
16.015349 
12.758440 
14.490036 
20.420861 
8.531131 
7.573792 
24.128486 
26.568660 
28.863474 
9.648254 
14.489561 
14.775657 
15.957071 
19.272290 
18.250476 
4.400130 
15.235513 
13.674003 
11.510498 
12.846223 
12.583803 
15.372943 
6.105810 
5.679591 
12.135598 
5.787464 
11.598909 
4.703485 
11.604422 
15.804747 
12.102693 
15.943821 
40.047476 
5.282367 
32.621155 
6.375682 
12.740061 
14.214627 
13.982267 
24.798138 
28.954463 
12.001836 
15.085363 
35.983158 
22.810790 
19.389548 
30.042107 
26.138864 
19.296546 
20.967870 
28.507816 
7.487232 
12.370257 
20.212553 
8.763042 
20.193152 
21.490964 
9.896031 
13.223169 
29.304689 
17.388892 
14.164658 
8.803851 
16.367129 
6.075165 
5.542106 
12.728036 
21.996346 
5.321386 
26.943508 
29.805760 
23.164069 
15.318715 
8.461324 
34.075433 
22.078198 
11.446184 
8.665727 
11.916811 
26.688918 
2.305477 
33.345178 
11.796648 
21.867009 
29.992305 
7.496000 
18.420889 
30.744592 
12.322623 
24.068715 
14.166692 
32.807720 
14.971991 
4.526533 
17.598359 
3.622242 
27.732761 
27.913034 
16.611091 
15.260076 
37.260282 
2.881087 
12.969964 
29.507624 
6.321138 
2.361578 
23.767623 
22.460625 
14.934288 
15.364374 
16.550893 
7.983460 
35.105856 
5.896222 
28.066772 
35.937960 
18.766013 
15.070630 
19.059998 
16.034726 
19.865078 
26.164094 
12.281440 
17.596438 
33.761060 
15.100656 
35.071331 
25.064838 
14.416115 
17.638513 
2.320522 
16.231908 
34.842694 
14.073642 
11.989420 
5.903725 
15.334142 
18.584727 
37.500266 
8.200074 
29.692804 
24.778552 
33.495166 
33.993100 
34.584872 
25.402254 
24.349942 
9.130966 
31.721386 
18.272172 
15.244074 
35.935801 
22.976982 
26.124979 
17.219928 
13.864973 
23.192491 
36.305835 
27.870299 
40.835347 
19.364573 
11.782727 
25.893341 
38.246852 
26.502124 
33.542353 
37.766453 
25.971728 
25.235487 
14.923174 
38.146749 
23.554722 
15.870842 
34.801438 
16.343485 
10.945635 
18.222645 
26.808317 
26.162515 
32.137346 
18.940138 
24.205765 
13.352664 
26.925549 
16.770878 
29.891028 
22.147319 
30.354722 
35.976108 
15.754970 
17.305802 
38.389260 
36.101679 
15.743111 
30.553605 
40.435707 
32.954332 
13.557812 
8.133331 
16.919435 
8.697331 
15.506314 
7.489743 
26.018562 
39.320897 
26.053211 
16.723328 
39.497800 
38.566477 
28.422594 
18.105012 
40.391004 
37.049366 
12.699599 
17.364155 
17.131201 
14.144517 
33.216363 
14.069952 
40.661711 
33.690039 
32.102667 
34.277951 
34.921618 
22.362798 
36.838365 
11.818192 
13.760123 
15.600443 
13.018298 
