21.345901 
12.763501 
20.415043 
32.219605 
6.182838 
11.112169 
28.965362 
7.019566 
17.050143 
18.312513 
5.954184 
19.357497 
8.733732 
16.753587 
10.729147 
22.304154 
12.999418 
26.054424 
20.426955 
18.530997 
10.806715 
17.941025 
11.167258 
26.138925 
13.101229 
24.481499 
22.755135 
20.696528 
7.353975 
8.174743 
10.687235 
6.146008 
22.910000 
18.264310 
10.508185 
10.854812 
10.733986 
35.214906 
21.119911 
24.405429 
16.652319 
17.126241 
16.951824 
17.076822 
19.748526 
13.279047 
9.273353 
22.969923 
12.563508 
26.103296 
20.391316 
20.983325 
22.344775 
16.349143 
22.923451 
11.018196 
16.886235 
14.572367 
8.488719 
13.656154 
16.538399 
15.090662 
16.971370 
14.707905 
12.420853 
22.585417 
23.423352 
27.610448 
8.152237 
1.918317 
6.345210 
11.781221 
23.100086 
13.778352 
17.979172 
13.145682 
22.513914 
19.376038 
23.260375 
25.054415 
9.398194 
24.245321 
14.992599 
25.050931 
25.124294 
25.219947 
33.156495 
20.295740 
11.402792 
35.672771 
25.212299 
18.928752 
20.040912 
14.379132 
10.934042 
25.364428 
16.516663 
24.496577 
14.508885 
27.362604 
18.350214 
21.056724 
23.997887 
20.405833 
24.457102 
15.435472 
10.321470 
16.709081 
6.549207 
27.692549 
35.909382 
6.499832 
27.462150 
25.187735 
19.625852 
8.471441 
16.779465 
32.420506 
8.729293 
18.786587 
45.642226 
33.586412 
23.221015 
3.345935 
13.892545 
11.461298 
24.749588 
21.202111 
26.084873 
13.131721 
16.269119 
23.794295 
16.220904 
15.054703 
17.628236 
16.341402 
33.044001 
16.078689 
7.531217 
11.521702 
16.526324 
24.640385 
34.011040 
22.923328 
19.954929 
31.003474 
18.497529 
12.019882 
16.374303 
30.646599 
27.894740 
18.333243 
26.557840 
27.371146 
21.110572 
28.598700 
4.672351 
3.314839 
32.082446 
16.816812 
31.337968 
13.524169 
17.481891 
13.284722 
24.315746 
23.644491 
11.916362 
16.526033 
3.491155 
31.857623 
31.937975 
8.920532 
36.688166 
14.170023 
9.879359 
17.880031 
18.923451 
8.956403 
22.362230 
31.508241 
17.311182 
15.650947 
32.442971 
33.806231 
15.524583 
25.765447 
30.098585 
26.202715 
20.526515 
32.757549 
31.232596 
12.619099 
19.026863 
9.925116 
28.433036 
26.213846 
20.390447 
35.933703 
3.157408 
18.101847 
14.848356 
23.658415 
10.493927 
20.966082 
12.583288 
3.266656 
15.641836 
34.803423 
36.059141 
12.260493 
26.304428 
13.634920 
34.111388 
8.592637 
23.731194 
16.326662 
17.272825 
16.981301 
11.816293 
20.029987 
9.454773 
30.117488 
16.323507 
17.945311 
31.693226 
14.666545 
7.648532 
25.354439 
21.048361 
15.315940 
28.475461 
27.547491 
36.961730 
33.703041 
22.738835 
32.883575 
32.106756 
8.819605 
31.756494 
22.780767 
15.945076 
29.029391 
36.304222 
27.989752 
12.994639 
27.828427 
26.590648 
31.947049 
29.915864 
16.939647 
16.891673 
21.124426 
26.808452 
13.123040 
14.998783 
17.214361 
15.504219 
19.559589 
14.624053 
22.369451 
33.916844 
11.019439 
14.053206 
19.332862 
22.402102 
31.549196 
14.547700 
14.541041 
17.450389 
18.396710 
19.662044 
10.161818 
19.847137 
15.830569 
27.300495 
23.306310 
22.351128 
10.193942 
13.555464 
4.610349 
3.181015 
2.378296 
25.491721 
32.425692 
12.988532 
24.676827 
5.631088 
12.902419 
19.923210 
12.812746 
11.919791 
18.780228 
4.102069 
8.771816 
12.846935 
24.341271 
6.307178 
3.395586 
12.889341 
15.916913 
15.411316 
11.728309 
13.779612 
21.235275 
7.921725 
8.482855 
25.017135 
27.570804 
21.977857 
10.515813 
15.777549 
8.197953 
15.374358 
17.333582 
11.805128 
4.895441 
9.190879 
13.423392 
11.092541 
11.283686 
10.105680 
15.315640 
3.696208 
6.206870 
10.078703 
8.528363 
9.334001 
4.357309 
4.631233 
11.375702 
14.102027 
14.054295 
23.124058 
5.884634 
21.106216 
3.308097 
15.840240 
15.586025 
14.313627 
24.108828 
15.237892 
8.795468 
17.476222 
35.284739 
23.912638 
20.381200 
22.360280 
25.201484 
19.277618 
23.214413 
25.146032 
5.447159 
12.428797 
17.971103 
6.275292 
16.611126 
22.755477 
10.512519 
14.774308 
22.089864 
13.944024 
12.518743 
8.803500 
13.083983 
8.844358 
6.211592 
12.639126 
20.933940 
5.338092 
22.158359 
17.988235 
24.939509 
12.918220 
9.955305 
26.795629 
21.341527 
8.958740 
10.107810 
11.918924 
23.737152 
2.017926 
21.993352 
3.390159 
19.056287 
33.691593 
8.496103 
17.605775 
25.886317 
12.539070 
22.924106 
11.582369 
24.062041 
11.047884 
3.848115 
13.375403 
10.227696 
28.432069 
21.797731 
21.039240 
4.554113 
14.626563 
3.069787 
10.335355 
24.162145 
5.815842 
3.220111 
24.439628 
22.242151 
10.904052 
14.716602 
16.911563 
8.936621 
34.826840 
7.905051 
27.450290 
43.871988 
17.114689 
18.675710 
17.071136 
15.618429 
14.459601 
23.818654 
10.797252 
17.642347 
32.612479 
14.917376 
23.163871 
22.778483 
13.832145 
15.831809 
3.304634 
12.965489 
20.317868 
13.511423 
9.761969 
11.187542 
13.363458 
20.250768 
31.806163 
6.808119 
32.329128 
20.998619 
35.218266 
31.365861 
33.963583 
19.823694 
24.391051 
12.793827 
21.807311 
16.535267 
10.887702 
31.902028 
15.936509 
18.365394 
17.088935 
13.177173 
19.865410 
36.615482 
22.225239 
33.019918 
19.804751 
13.579703 
26.030304 
31.666337 
27.277907 
25.323899 
24.635214 
20.469765 
28.481318 
15.728437 
32.603125 
15.444602 
14.415328 
20.471378 
18.338861 
9.083091 
17.153600 
23.940209 
19.239231 
24.672649 
15.686263 
24.482072 
12.631372 
20.176591 
15.272947 
21.891338 
20.679270 
25.242293 
30.642415 
15.473730 
12.497840 
23.215125 
23.570087 
15.512053 
26.552329 
22.812541 
24.070286 
17.600633 
8.436662 
13.869067 
10.229458 
10.375776 
4.519838 
23.873099 
28.773953 
24.257143 
16.219755 
34.699460 
32.037958 
23.725593 
15.980652 
35.950840 
19.815913 
11.980872 
16.790890 
18.339005 
14.729018 
21.387376 
16.380575 
36.410449 
22.575153 
25.988676 
27.326258 
27.150079 
23.055203 
24.345095 
10.067523 
7.020327 
17.771337 
10.716946 
