23.387461 
10.173498 
22.735128 
26.403894 
13.485380 
18.835981 
27.527223 
9.877462 
21.651815 
13.373725 
9.030141 
13.224929 
6.578382 
13.810591 
7.481966 
26.408372 
18.151128 
23.697400 
19.501538 
19.212807 
6.395873 
20.912980 
9.615493 
24.043669 
14.861245 
28.622033 
28.571482 
25.743595 
7.039574 
10.025214 
9.466903 
34.980208 
20.298940 
30.470479 
11.501022 
30.513087 
12.211066 
33.119627 
17.738155 
27.251234 
4.997230 
25.312172 
22.193115 
18.214332 
11.561690 
28.497787 
6.831215 
34.002046 
18.398351 
18.126941 
29.452891 
22.245176 
25.892556 
17.495151 
24.927935 
13.464791 
22.890852 
21.908565 
5.759731 
14.806075 
27.828128 
15.557996 
20.044770 
13.618444 
14.215372 
19.011503 
23.313012 
27.354903 
8.219701 
0.293532 
5.546295 
13.981663 
32.876701 
10.183439 
20.401026 
11.445973 
19.430665 
24.127298 
31.492021 
29.584217 
6.599040 
21.070591 
20.705092 
19.172741 
24.203314 
27.266789 
31.267831 
19.545088 
6.455041 
30.628929 
15.404135 
11.016173 
15.539182 
10.430794 
8.999454 
17.585466 
6.796101 
21.339771 
13.841715 
24.594564 
17.220763 
18.373489 
22.900543 
15.293317 
30.784726 
13.836563 
12.252585 
14.205926 
6.205942 
27.500728 
37.764019 
7.078144 
13.301062 
17.992836 
20.068836 
11.357739 
10.563499 
25.930665 
4.766497 
24.741174 
31.205048 
29.244965 
18.162993 
6.927501 
19.826165 
12.408201 
26.143282 
23.964757 
31.705706 
9.512039 
18.428350 
17.469882 
12.298359 
10.960972 
20.624067 
24.425734 
29.614565 
14.993325 
14.627481 
8.346698 
6.505434 
13.777597 
31.444203 
28.035904 
21.999601 
25.345824 
15.908167 
12.346938 
21.636565 
29.651227 
30.468582 
10.798523 
20.367930 
15.163064 
24.880937 
24.082328 
8.736830 
0.793278 
28.160890 
13.177035 
29.053107 
27.578677 
24.090431 
7.836355 
28.700206 
25.622927 
16.570416 
26.608392 
1.743703 
30.508069 
29.179971 
9.651143 
33.300431 
13.502466 
7.194854 
22.837522 
27.992514 
8.398382 
30.056030 
24.497509 
21.998896 
17.150799 
32.244481 
22.365474 
16.451641 
21.136949 
29.911812 
24.462909 
17.486883 
29.680959 
24.201056 
27.064528 
17.790940 
12.870647 
26.141873 
23.317614 
22.041399 
29.352204 
0.943024 
21.085431 
6.547606 
21.383788 
32.160691 
31.104062 
17.791306 
1.735514 
13.588293 
36.446075 
35.896519 
17.305408 
19.029507 
28.635245 
34.716323 
13.176199 
19.012118 
11.957153 
14.108043 
20.892181 
11.582435 
10.958625 
7.217035 
19.435362 
30.275991 
18.269214 
28.734574 
28.997930 
9.567972 
25.929110 
28.541947 
11.300389 
33.231558 
24.683986 
31.295003 
21.133181 
15.180338 
30.481579 
23.230269 
8.664924 
23.473433 
27.998930 
13.734758 
27.386234 
33.650923 
31.086309 
10.919185 
27.249524 
27.125156 
32.448752 
17.037926 
18.266370 
20.124511 
29.439624 
31.351731 
20.921794 
6.191176 
24.052679 
13.739304 
26.148551 
12.312956 
29.281773 
25.676469 
11.178315 
17.505877 
19.035415 
24.295772 
28.595037 
19.235128 
9.172645 
14.154756 
18.567583 
20.411773 
10.302277 
18.006685 
11.157662 
30.463930 
27.252989 
16.638394 
17.090106 
10.660368 
3.790116 
1.362324 
1.710396 
22.726741 
30.567503 
10.818820 
23.900352 
3.291225 
17.264721 
21.150098 
13.859497 
7.506677 
19.314882 
5.257647 
5.229055 
17.589834 
30.763029 
7.841230 
1.483133 
23.006444 
22.238681 
11.781168 
22.374502 
20.968395 
25.779673 
7.177733 
16.283385 
30.356290 
25.025665 
20.101869 
13.562219 
11.306372 
7.860995 
16.483238 
21.114523 
12.999693 
6.098097 
7.919239 
12.121603 
18.266647 
10.844115 
5.315175 
15.205874 
1.534055 
8.988002 
6.474842 
4.645345 
10.274653 
6.912894 
2.944743 
20.431471 
17.608046 
19.658056 
35.292947 
10.091907 
23.217710 
6.454502 
29.490346 
10.996767 
17.527339 
11.720802 
27.043140 
12.178520 
15.396914 
28.988466 
27.999884 
27.160800 
20.094928 
24.186793 
18.537331 
18.881738 
24.619650 
6.910828 
17.633839 
17.818605 
10.597279 
25.668193 
28.763166 
17.684582 
21.319080 
21.556782 
14.544666 
17.601851 
5.859199 
12.746197 
5.233945 
10.500397 
11.416147 
25.968316 
6.070553 
21.897074 
19.912418 
16.842261 
11.132556 
6.976653 
27.671253 
18.088102 
7.083950 
8.555241 
11.950490 
22.608890 
1.098495 
27.099870 
2.684973 
15.590149 
29.762057 
13.383768 
16.021645 
20.366978 
14.988709 
17.837645 
9.592074 
22.233600 
12.438361 
6.679988 
26.842560 
8.082261 
15.990280 
18.949155 
22.543597 
1.739365 
33.336531 
3.701831 
7.959396 
22.226777 
7.361763 
0.946275 
18.387594 
29.071638 
20.355075 
15.394513 
20.544457 
17.822629 
28.247810 
4.715148 
17.923949 
29.137353 
15.227995 
29.190764 
21.070478 
16.084858 
17.701839 
20.166072 
10.076096 
26.050912 
25.926833 
10.231478 
28.949249 
18.250192 
17.210365 
10.688310 
1.479057 
22.181240 
28.257568 
13.090049 
9.070134 
4.315017 
12.898279 
20.354205 
34.505971 
6.978127 
24.071179 
26.552880 
25.087578 
27.039776 
22.172540 
22.659443 
15.435939 
15.767183 
20.866547 
24.211492 
11.894854 
28.823835 
27.392899 
19.295707 
13.391220 
9.882604 
15.201701 
28.563812 
29.410048 
32.005347 
18.178097 
25.928077 
16.994069 
33.955811 
15.512076 
28.475334 
35.378597 
14.847809 
23.324121 
16.573272 
34.433698 
18.146281 
19.965216 
12.093145 
12.008260 
4.177563 
17.119981 
18.563678 
19.773806 
20.443208 
24.258095 
14.958697 
10.784805 
25.618104 
11.068785 
24.657383 
17.091289 
23.203336 
29.686433 
10.364398 
11.578848 
33.524820 
31.622659 
22.116698 
25.034103 
33.939222 
21.572774 
30.918376 
6.815456 
16.669769 
6.478016 
9.938057 
6.853425 
23.673527 
31.254927 
20.654148 
12.275272 
31.912632 
33.237490 
11.348737 
23.852247 
33.309838 
11.088289 
9.312335 
15.158468 
13.400376 
10.752156 
23.554812 
24.634522 
33.038119 
31.884555 
29.780030 
24.096120 
23.353860 
17.743888 
30.079388 
11.273669 
10.742136 
28.495256 
12.287464 
