32.558538 
32.162776 
24.278546 
29.171290 
26.133977 
9.833380 
24.250846 
20.759493 
30.299335 
27.849168 
24.376716 
25.599161 
9.833350 
13.878043 
24.420210 
23.180451 
23.141560 
23.243822 
33.041920 
28.047293 
32.525981 
33.058849 
27.685565 
33.058771 
23.391705 
26.181674 
25.079972 
23.910929 
25.987736 
23.578080 
21.373651 
26.955452 
31.180444 
25.007247 
22.264125 
23.535661 
22.674701 
24.395609 
27.541264 
27.283673 
33.095785 
23.576887 
22.390589 
23.170911 
32.243702 
23.600619 
9.833350 
24.197471 
27.543702 
31.863640 
23.131558 
23.983900 
26.912972 
23.454053 
25.856228 
9.834850 
24.419002 
23.404640 
9.833350 
28.360257 
9.939691 
22.660287 
30.145107 
9.849150 
25.349811 
24.014853 
24.634382 
23.942987 
22.637130 
9.833350 
9.877816 
24.604350 
23.608332 
29.702499 
28.509936 
29.968902 
32.270975 
28.727943 
23.503853 
27.779734 
30.739583 
33.169385 
22.945150 
30.339962 
23.957439 
25.614341 
24.220740 
27.030261 
9.833350 
26.743450 
32.376134 
27.701278 
23.760084 
25.820863 
26.498558 
11.351546 
33.233177 
27.102191 
21.911638 
21.923510 
24.867743 
32.568340 
30.398494 
11.795233 
22.914212 
24.533876 
27.030647 
33.336938 
29.697606 
31.540135 
29.198023 
22.007850 
31.684617 
32.490925 
32.933453 
9.833350 
27.032773 
9.835397 
31.734864 
29.888685 
23.980747 
30.773556 
26.957113 
9.833350 
10.066978 
25.170105 
27.397708 
28.021215 
31.111719 
26.270951 
10.590643 
28.697731 
33.419111 
9.833350 
25.416084 
23.512530 
28.238541 
25.331390 
26.429434 
9.833350 
33.792600 
31.273652 
26.533455 
21.915696 
23.407625 
28.829142 
31.104382 
24.080261 
9.902120 
24.317428 
29.232491 
32.314963 
32.895818 
33.172232 
24.580244 
10.763912 
26.364145 
9.833350 
11.349723 
32.196694 
23.692163 
20.853256 
32.965668 
32.483146 
30.521673 
30.575748 
25.124953 
12.700703 
9.833350 
27.736867 
16.953833 
9.833350 
23.777521 
29.397177 
10.992155 
17.187724 
29.121243 
9.833350 
26.175882 
32.103404 
23.912664 
21.815386 
23.703553 
23.991440 
23.233098 
32.962959 
23.158880 
31.373855 
23.705806 
9.916292 
32.083022 
21.928219 
30.482577 
22.614501 
23.777419 
23.813822 
31.062122 
23.975368 
9.833350 
32.979750 
9.833350 
30.863934 
23.126880 
22.851378 
23.227758 
9.833350 
27.425798 
27.221474 
27.454472 
24.822723 
32.686883 
23.084859 
30.627368 
16.243329 
32.234129 
9.875055 
25.218953 
23.179785 
23.595828 
29.924552 
9.833350 
32.450687 
23.535228 
24.048445 
25.431984 
26.493421 
23.167029 
27.754796 
32.056428 
10.177499 
31.776091 
18.543145 
21.324761 
31.903218 
31.498231 
30.280190 
13.323045 
22.071410 
25.466348 
14.443432 
32.622843 
28.548113 
26.574403 
14.218221 
9.833350 
24.676583 
9.922299 
23.650297 
32.179736 
31.311785 
29.487496 
22.251040 
23.920078 
9.960338 
9.833350 
24.155690 
9.834230 
23.284411 
28.246703 
23.413375 
30.736105 
9.833350 
22.216910 
26.967632 
28.206821 
31.347420 
9.833350 
10.431495 
24.441058 
32.983136 
23.937035 
25.989123 
27.810064 
32.642164 
26.516762 
21.591057 
31.360588 
23.222076 
23.782792 
9.833350 
9.833350 
9.833350 
26.750677 
23.553710 
9.833350 
22.889405 
9.833350 
31.495840 
25.256711 
27.534911 
10.107724 
33.179730 
9.833350 
9.833350 
27.963182 
24.084920 
10.869992 
9.833350 
23.663318 
11.256511 
33.383828 
22.729531 
10.151566 
23.138675 
9.833350 
21.946911 
26.638143 
24.979611 
28.605883 
23.172638 
29.589695 
16.495635 
33.722424 
26.232319 
28.004362 
22.812645 
9.833362 
24.058571 
22.985061 
24.924688 
9.851089 
32.016100 
9.833350 
29.416376 
22.971790 
28.925139 
9.833493 
9.833350 
9.833350 
9.833350 
22.133599 
23.533350 
24.559065 
9.833350 
29.996070 
9.833350 
23.834093 
31.873897 
23.165704 
29.979694 
24.177048 
10.014027 
32.324852 
30.945153 
28.926561 
20.629666 
29.533073 
27.954274 
33.933909 
32.993356 
27.500349 
9.833426 
23.035687 
25.407786 
9.921433 
23.889037 
26.955686 
22.700564 
24.866914 
29.063458 
27.315365 
23.550793 
9.833350 
24.040647 
22.707852 
23.268681 
23.709725 
24.525705 
21.721006 
31.813665 
27.590116 
32.524116 
21.985450 
9.833350 
26.057037 
25.900331 
9.833350 
9.833351 
9.845436 
26.441546 
9.833350 
23.224276 
9.833350 
31.354426 
23.645342 
21.894417 
32.434441 
27.954693 
31.749926 
30.178464 
24.160066 
23.725243 
9.905754 
9.833350 
23.184517 
9.834584 
33.346687 
29.048473 
24.014177 
9.833350 
24.186618 
9.833350 
25.619312 
23.155598 
30.765811 
9.833350 
32.051211 
27.295894 
11.031669 
23.359228 
23.725432 
21.629518 
26.968874 
23.103020 
23.165179 
23.481829 
32.654408 
24.704829 
27.510935 
33.110923 
23.734406 
31.486263 
28.367198 
27.016439 
30.791949 
32.636802 
26.710732 
31.477322 
22.539259 
32.667291 
9.833350 
23.492363 
28.513752 
27.224597 
26.604244 
22.066559 
9.833491 
31.844092 
25.260791 
23.649603 
28.142125 
27.453051 
31.292106 
23.560973 
31.937211 
23.372349 
33.202695 
23.233428 
29.160917 
20.869306 
9.847520 
25.635519 
10.087002 
23.866304 
33.079757 
31.338970 
31.776642 
30.148377 
23.850829 
23.790939 
31.306030 
24.076539 
30.047189 
24.842417 
31.961604 
29.500138 
25.066685 
25.350061 
33.054375 
19.156209 
24.004285 
22.799898 
9.833350 
29.305914 
30.368868 
13.164707 
21.977089 
31.068066 
30.918949 
27.814387 
23.952221 
33.035341 
25.886461 
24.342242 
31.689467 
24.103425 
23.254649 
24.051358 
22.278677 
32.182132 
29.313114 
25.278757 
23.431650 
24.233648 
27.830425 
24.583669 
24.454520 
22.770202 
9.833350 
23.872633 
9.855947 
23.256855 
9.833350 
32.140352 
25.136604 
24.124988 
32.549638 
23.197139 
24.720120 
32.702611 
25.753322 
23.393150 
28.684500 
9.834345 
30.999845 
31.821808 
26.276536 
26.681261 
25.840593 
26.022685 
26.034313 
24.958670 
26.234707 
31.918614 
22.414206 
27.470574 
22.752725 
25.951120 
24.351689 
23.357076 
