43.144960 
42.960891 
44.785070 
42.615631 
41.079787 
45.636689 
37.817833 
30.721358 
41.437442 
43.572723 
49.000000 
39.726769 
37.087591 
42.717106 
42.780663 
44.264829 
45.641540 
40.112283 
45.275442 
43.254684 
42.930632 
45.681389 
41.470000 
44.571468 
42.584745 
45.044969 
43.605157 
42.415753 
45.651188 
46.255299 
42.304290 
49.000000 
43.032745 
35.708757 
40.160375 
44.023971 
40.624942 
41.952510 
45.113832 
41.218837 
42.803584 
46.252543 
45.347216 
41.013074 
41.382196 
42.106281 
37.577273 
38.831053 
46.420466 
41.518544 
43.986664 
44.546487 
42.339153 
43.275268 
42.435080 
40.211946 
44.640215 
42.764046 
18.058835 
43.355315 
18.604154 
44.481244 
44.571536 
43.405259 
46.361784 
37.911480 
39.708013 
43.299278 
45.371000 
17.817494 
43.605966 
47.082420 
47.444118 
49.000000 
42.577056 
42.561051 
42.207373 
43.035342 
41.403451 
43.076508 
44.487047 
43.098898 
37.452340 
44.002930 
42.280670 
40.643641 
43.943082 
40.850145 
42.769850 
44.135155 
41.852724 
41.749077 
37.649666 
49.000000 
42.556426 
43.684598 
41.315043 
42.607966 
37.588954 
42.897032 
38.089053 
41.821244 
42.364811 
43.087748 
44.238274 
43.169362 
44.094424 
39.915828 
49.000000 
43.076353 
20.675663 
40.838779 
49.000000 
41.862832 
42.250911 
36.819165 
34.890682 
19.009445 
46.364431 
44.875575 
44.155741 
42.722834 
39.266919 
19.279707 
27.042556 
42.842598 
41.883838 
39.205638 
43.482903 
45.478942 
37.563514 
46.289940 
43.846841 
17.874096 
42.301869 
43.536437 
43.488697 
41.769103 
42.323762 
17.963639 
43.245043 
37.415012 
49.000000 
39.794998 
44.418248 
44.079473 
40.236095 
37.928590 
34.182660 
44.115545 
41.774199 
39.945584 
43.027422 
41.911391 
37.918949 
22.378225 
49.000000 
17.816665 
32.365281 
42.905903 
42.801998 
43.767195 
44.429456 
43.948625 
43.817148 
42.615643 
40.204871 
37.234130 
36.979941 
41.694483 
39.389867 
17.917099 
30.633351 
42.950005 
43.012114 
45.697483 
43.085752 
36.716420 
42.631009 
45.095463 
45.829912 
37.445918 
42.919138 
46.011555 
46.180896 
42.514916 
43.557045 
42.905553 
42.385123 
30.298915 
42.947692 
42.550759 
42.921344 
45.925483 
39.452018 
38.313850 
43.026098 
44.483614 
36.902381 
42.845881 
36.901148 
42.060242 
43.707133 
45.245431 
45.766071 
37.064979 
38.049131 
23.277066 
19.909873 
37.664680 
43.233627 
44.458823 
43.140789 
45.032890 
43.904818 
45.701355 
39.229048 
42.761984 
45.076865 
49.000000 
27.306844 
42.959436 
45.215285 
37.810293 
44.213246 
44.976116 
45.482694 
37.687562 
43.079118 
43.541285 
42.725345 
42.285280 
30.149425 
41.774028 
39.798390 
42.319674 
40.118769 
38.047111 
43.400587 
45.390954 
44.698137 
44.812093 
33.102573 
23.650661 
18.540461 
43.586172 
44.205498 
44.018891 
40.771328 
42.292630 
45.778898 
40.439861 
43.422698 
37.371999 
37.027650 
45.185564 
37.721428 
44.861713 
49.000000 
40.787180 
39.494361 
37.067746 
37.107871 
45.759404 
42.996220 
44.470920 
18.174839 
38.066362 
44.884944 
43.796538 
45.379095 
43.709580 
46.641524 
44.870035 
44.190304 
21.063115 
41.766479 
39.077479 
38.096868 
37.180621 
36.809895 
45.366976 
40.196489 
45.247561 
28.168648 
44.952348 
44.790489 
45.075730 
40.510775 
42.067642 
40.977339 
44.102319 
37.040012 
36.905034 
43.557241 
44.285999 
37.237383 
18.015918 
38.826350 
42.975171 
37.209422 
39.773274 
45.171603 
38.711376 
17.994920 
40.936577 
42.098800 
46.306021 
41.654784 
37.131872 
46.001591 
39.691002 
41.214719 
38.063300 
43.866034 
42.383950 
37.288893 
37.691553 
39.344390 
49.000000 
44.366166 
41.944646 
46.217029 
49.000000 
42.624341 
46.897239 
37.267093 
36.952680 
36.962765 
20.693215 
40.763189 
37.725991 
40.792447 
37.071151 
43.121394 
36.920347 
43.329451 
41.421095 
42.260758 
40.039608 
43.778270 
40.619842 
44.037891 
42.082697 
44.565891 
39.970646 
42.273815 
44.614891 
42.539384 
42.940293 
42.351943 
37.806501 
37.488760 
37.408175 
37.221810 
42.137394 
39.835114 
37.579530 
43.717553 
42.212786 
37.992985 
40.703452 
37.232874 
41.719649 
37.071474 
43.402845 
43.645521 
42.969627 
40.929583 
42.908822 
41.587468 
39.961543 
41.278582 
45.918490 
42.062948 
42.181510 
37.238944 
37.309188 
37.683855 
44.060522 
36.908517 
40.984212 
36.906197 
42.577983 
27.103998 
37.547715 
41.426180 
40.591477 
42.859089 
38.147224 
44.932628 
40.990359 
45.126472 
36.928966 
42.384044 
21.725480 
42.738971 
43.563014 
43.858025 
29.246344 
49.000000 
18.049171 
43.570792 
40.339398 
37.451331 
36.866496 
42.481208 
19.858444 
37.953947 
43.058817 
41.012336 
37.218840 
39.495706 
45.633279 
40.007017 
40.976102 
41.204892 
37.431166 
39.751659 
38.104018 
37.780660 
42.802221 
40.776739 
41.654429 
40.455030 
41.897810 
42.096728 
40.970077 
40.649393 
42.792992 
18.103599 
37.853278 
43.080490 
43.152134 
40.774272 
49.000000 
19.377010 
44.338953 
20.036332 
43.089592 
39.558365 
42.259065 
26.392412 
39.905393 
43.232576 
44.417302 
41.141088 
37.295361 
42.008303 
41.959220 
37.886817 
41.896587 
41.956753 
42.530586 
40.477351 
41.424444 
42.479380 
39.253504 
44.766401 
45.617841 
41.397433 
43.553549 
37.675840 
41.786285 
39.179269 
41.915796 
38.887371 
37.367635 
41.636902 
43.670866 
40.698292 
37.664596 
37.000432 
40.754064 
42.125783 
42.767106 
38.567323 
39.024442 
42.578865 
39.871676 
37.775018 
41.406130 
41.404685 
41.142149 
37.956970 
40.265529 
40.137892 
44.338100 
43.066590 
40.660101 
41.622318 
44.545774 
44.650191 
45.962583 
43.110703 
42.273259 
42.508052 
45.553261 
37.165663 
42.314039 
45.734524 
39.499391 
17.887431 
42.943412 
43.858055 
39.850305 
42.969318 
41.217049 
40.714945 
39.526554 
43.504460 
44.429091 
41.737494 
36.979458 
41.493214 
42.878024 
43.853384 
40.543639 
34.706545 
42.202865 
37.271827 
40.868835 
40.641321 
42.213953 
37.103991 
42.042074 
37.123969 
39.912328 
44.670130 
40.459368 
