10.019980 
12.542170 
10.735686 
17.497975 
4.796265 
0.000000 
55.400000 
10.220460 
29.698274 
11.071444 
9.142145 
10.999474 
0.000000 
6.932664 
0.000000 
18.843640 
11.601813 
9.748400 
19.913446 
19.813895 
0.000000 
18.049679 
1.490794 
55.400000 
45.659555 
55.400000 
35.957466 
25.337968 
7.041087 
5.995870 
24.119071 
7.136971 
13.649716 
12.448723 
0.000000 
31.875411 
12.772607 
8.634183 
12.851735 
29.792236 
14.994397 
14.966739 
35.499672 
16.423908 
13.796392 
55.400000 
0.000000 
12.922798 
11.563075 
4.930612 
6.857225 
55.400000 
22.686653 
13.477442 
21.084528 
55.400000 
23.545728 
12.102894 
0.000000 
1.892893 
55.400000 
12.449942 
10.268977 
0.000000 
12.860628 
25.319152 
8.530054 
32.448591 
6.965283 
0.000000 
23.892102 
16.057727 
54.690383 
19.347891 
23.686186 
0.356266 
12.721233 
9.070862 
55.400000 
55.400000 
20.441246 
23.546381 
29.070357 
4.784278 
31.216931 
55.400000 
26.463188 
11.402942 
0.000000 
52.716482 
7.205983 
6.396686 
2.672236 
13.877505 
5.044973 
18.704255 
14.705618 
26.987024 
3.594984 
55.400000 
16.634307 
14.505564 
14.938829 
0.000000 
47.361066 
5.161199 
12.721865 
2.273173 
12.433279 
55.400000 
14.440045 
21.946065 
9.723172 
11.542283 
18.831974 
0.000000 
6.859170 
55.400000 
0.000000 
37.407146 
55.400000 
10.600185 
18.291751 
0.000000 
55.400000 
5.870393 
15.207763 
6.384374 
13.572907 
16.233940 
0.000000 
12.297069 
13.243227 
0.000000 
8.120109 
37.599647 
46.839709 
1.679432 
6.963234 
0.000000 
12.381986 
7.970667 
12.975700 
55.400000 
14.831150 
11.794645 
6.136633 
0.000000 
55.400000 
55.400000 
19.792666 
12.878026 
20.076498 
0.494701 
10.437809 
18.714728 
10.038147 
0.000000 
55.400000 
13.498355 
18.678035 
55.400000 
55.400000 
17.692041 
54.185621 
6.298645 
25.847178 
55.400000 
0.000000 
55.400000 
20.000624 
0.000000 
55.400000 
5.678758 
15.028692 
37.355639 
13.951362 
0.000000 
45.152698 
21.104286 
29.135411 
3.733342 
41.076576 
18.284087 
13.806068 
16.160024 
55.400000 
21.387352 
14.418164 
55.400000 
13.824964 
15.538184 
9.182358 
16.002950 
21.599343 
29.453128 
20.528415 
53.647195 
0.000000 
17.684425 
0.000000 
16.119499 
55.400000 
21.725400 
22.843170 
0.000000 
24.608013 
6.258440 
10.663641 
33.632493 
10.304944 
55.400000 
19.793266 
55.400000 
12.099037 
14.931644 
8.291454 
34.869858 
8.354806 
11.379734 
0.000000 
55.400000 
15.475133 
26.695938 
14.019524 
18.074016 
6.280371 
44.820435 
13.777034 
0.000000 
10.530513 
55.400000 
55.400000 
7.921696 
23.065957 
14.373827 
26.520451 
0.000000 
8.743978 
55.400000 
14.702750 
11.256854 
55.400000 
55.400000 
0.000000 
55.400000 
55.400000 
14.295097 
1.677058 
21.276677 
6.411798 
31.258693 
44.736667 
0.000000 
0.000000 
13.450971 
0.000000 
32.868053 
13.968176 
13.360770 
6.862757 
0.000000 
5.079578 
15.879188 
15.445287 
27.259072 
0.000000 
0.000000 
7.937412 
14.448024 
22.026874 
8.843669 
15.017426 
1.688062 
20.660086 
55.400000 
6.450679 
12.162685 
0.000000 
0.000000 
0.000000 
0.000000 
11.471962 
17.370574 
0.000000 
18.722248 
0.000000 
13.511073 
12.796862 
9.888501 
0.000000 
9.716963 
0.000000 
0.000000 
13.107302 
27.249804 
0.000000 
0.000000 
19.152129 
34.265545 
0.000000 
29.345508 
55.400000 
35.414067 
0.000000 
16.586379 
10.715699 
14.533811 
18.234396 
12.778863 
13.172293 
0.000000 
34.284734 
15.195873 
14.044598 
0.000000 
0.000000 
6.412147 
32.400322 
15.391933 
0.000000 
10.958121 
0.000000 
6.651730 
0.000000 
14.198510 
0.000000 
0.000000 
0.000000 
0.000000 
10.495946 
16.054107 
11.238292 
0.000000 
16.714046 
0.000000 
12.666618 
4.711903 
12.796628 
6.651371 
15.859139 
0.000000 
4.745647 
55.400000 
16.544551 
55.400000 
17.309119 
18.271691 
16.580246 
12.640030 
8.129955 
0.000000 
0.000000 
23.006371 
0.000000 
18.368590 
55.400000 
16.316171 
14.010512 
13.689020 
0.000000 
10.179379 
0.000000 
12.643265 
0.000000 
8.178064 
0.000000 
21.098971 
5.251978 
16.381644 
15.098085 
8.583435 
0.000000 
0.000000 
54.764529 
24.282977 
0.000000 
0.000000 
0.000000 
14.190260 
0.000000 
17.191892 
0.000000 
4.669118 
55.400000 
0.000000 
13.602774 
17.315879 
0.000000 
8.000193 
6.400210 
16.714816 
26.994793 
0.000000 
38.039250 
11.660227 
4.626866 
14.934874 
7.606314 
0.000000 
12.305157 
0.000000 
13.973919 
17.010618 
0.000000 
0.000000 
9.711365 
55.400000 
38.443040 
0.000000 
16.201031 
22.792133 
55.400000 
12.725646 
11.379994 
55.400000 
16.623554 
55.400000 
6.558122 
0.000000 
6.489775 
14.496042 
13.422047 
19.119581 
13.341815 
16.854907 
13.590254 
8.253382 
6.962435 
13.341921 
0.000000 
33.671391 
6.989035 
9.210577 
8.887086 
17.759998 
55.400000 
15.226524 
55.400000 
6.530875 
25.778270 
5.981053 
8.608193 
35.399919 
14.774129 
16.084359 
0.000000 
23.081760 
14.072647 
55.400000 
0.000000 
13.789490 
55.400000 
13.845075 
0.000000 
3.897615 
12.617129 
55.400000 
15.645091 
28.489744 
2.730448 
39.208094 
6.381685 
16.934907 
5.508639 
12.629481 
6.326082 
0.000000 
17.220879 
55.400000 
13.821646 
25.516383 
0.000000 
10.460755 
2.964304 
20.354055 
29.251644 
11.073291 
7.981589 
12.132220 
29.702776 
12.365722 
6.165793 
29.801260 
8.041519 
19.849954 
11.685248 
43.281956 
55.400000 
0.000000 
9.939448 
39.878667 
14.943493 
23.154279 
9.306851 
55.400000 
10.059937 
11.330427 
0.000000 
15.572904 
0.000000 
19.979319 
0.000000 
13.527267 
40.453178 
31.840080 
2.052990 
19.320905 
55.400000 
6.400065 
28.910413 
19.658399 
5.356638 
0.000000 
16.989144 
11.949268 
15.543011 
14.093463 
8.224525 
55.400000 
17.051770 
36.021842 
15.881443 
12.911244 
6.990271 
16.215810 
0.000000 
5.986465 
15.671499 
20.525509 
