35.729619 
38.154997 
34.177733 
35.929768 
27.133901 
36.773461 
35.411880 
27.238928 
36.819090 
36.042060 
29.340780 
27.598869 
36.553399 
35.535506 
41.533300 
33.640640 
32.372991 
35.810531 
37.053380 
35.468485 
37.160294 
39.728287 
33.781591 
36.016926 
33.193836 
33.161098 
36.527976 
33.238099 
30.493041 
31.635837 
36.564066 
26.900820 
35.374468 
28.110115 
31.855314 
41.213290 
32.646071 
33.892829 
34.292230 
36.225223 
35.699693 
40.322115 
32.205308 
35.678509 
35.578650 
37.372939 
15.955142 
31.493720 
37.202636 
35.145671 
28.844333 
34.545022 
34.841972 
32.987917 
34.287351 
32.227204 
37.470916 
35.257745 
22.352480 
34.046271 
32.172718 
32.087282 
36.926596 
35.232257 
32.338519 
36.760431 
33.325933 
35.119056 
32.036825 
12.769071 
36.405895 
36.508190 
36.448572 
38.243318 
36.174993 
35.247670 
35.033603 
34.935180 
31.716876 
34.576164 
32.494778 
37.455368 
35.160809 
35.697007 
34.886282 
32.675798 
35.798110 
34.161485 
41.533300 
36.086974 
34.601176 
33.888413 
34.988275 
27.717503 
36.210673 
35.819061 
35.848255 
34.786083 
32.646956 
36.179938 
35.999462 
35.559206 
34.978870 
36.313326 
34.882995 
31.406306 
35.575771 
36.784695 
27.814981 
32.766594 
31.269744 
37.028331 
35.229657 
36.364540 
37.027019 
36.746195 
33.238587 
35.644856 
37.541920 
35.513993 
34.234604 
34.796111 
37.569200 
36.854183 
35.237572 
34.219121 
33.717730 
34.972796 
35.409068 
35.962527 
35.466973 
35.032354 
38.689728 
36.870978 
35.918270 
34.216165 
35.454984 
33.114402 
27.430605 
36.872149 
35.295116 
36.351214 
33.209043 
34.514439 
29.854536 
35.071008 
32.925277 
32.895996 
35.693725 
34.924007 
33.154793 
36.197138 
35.567462 
35.723426 
34.161988 
35.057887 
26.839492 
13.094435 
35.499018 
36.081375 
35.139623 
38.126216 
40.016463 
35.533998 
35.942853 
35.038694 
37.896911 
35.158104 
20.963669 
35.519827 
35.537526 
36.800750 
30.496398 
35.230396 
36.186472 
35.979313 
35.107552 
36.823982 
34.890996 
35.772595 
34.348355 
37.213164 
32.869228 
33.957053 
32.034233 
35.192760 
35.566347 
35.326972 
36.113570 
40.299447 
34.936909 
37.598137 
35.099297 
32.174595 
34.429351 
35.186918 
35.805933 
34.975117 
12.810234 
39.837658 
13.117812 
35.595895 
27.355383 
31.956045 
37.088570 
19.528061 
36.629624 
33.962341 
31.759221 
37.444362 
35.530685 
32.754434 
35.474759 
33.662854 
35.133884 
40.985380 
35.012143 
36.187350 
36.789100 
34.511063 
36.849181 
36.032396 
27.886643 
34.266525 
37.148000 
37.672758 
30.251166 
36.391087 
36.093066 
36.505791 
34.992616 
35.298316 
35.657646 
35.396275 
34.959091 
35.298053 
35.430058 
34.024487 
36.435225 
35.148662 
36.529840 
35.087741 
34.813255 
33.091603 
36.757401 
36.630559 
37.414880 
35.993198 
36.215141 
35.152208 
36.822889 
32.717358 
35.367542 
36.675031 
36.740018 
34.736088 
36.863989 
33.459602 
35.085718 
36.921072 
35.153949 
36.856584 
36.342265 
35.285924 
34.319241 
35.335211 
36.741198 
36.808755 
35.171515 
40.624831 
33.488400 
29.743839 
35.825616 
36.598561 
37.594385 
32.453762 
35.250654 
36.174127 
36.265007 
36.489893 
17.283555 
36.779015 
36.479869 
37.368029 
36.858245 
36.553414 
20.040141 
37.117321 
37.558649 
34.401750 
36.939942 
35.587040 
16.307203 
36.434219 
35.914797 
34.077642 
36.793896 
14.003648 
34.822244 
36.995043 
36.996725 
36.984474 
36.098608 
35.664104 
36.236057 
30.967575 
33.894114 
33.749589 
36.971888 
36.560764 
36.324180 
36.323026 
39.609710 
35.512533 
35.156757 
27.661827 
36.803786 
33.426947 
36.492902 
34.308838 
36.878958 
36.118630 
36.768397 
27.903765 
36.897231 
32.632615 
36.866691 
13.044898 
14.048310 
27.852484 
36.598151 
34.127322 
32.218916 
36.763753 
36.048020 
36.711874 
31.278363 
34.085710 
32.186273 
34.570114 
40.070297 
36.665625 
36.713153 
34.446074 
39.057546 
34.467419 
36.814594 
37.003646 
41.353271 
37.205765 
33.464216 
36.769684 
36.502054 
36.776150 
36.786625 
37.170090 
35.032946 
37.204969 
35.796841 
37.008935 
32.472399 
30.514911 
36.712429 
34.037919 
36.875890 
27.458752 
36.563168 
35.431984 
28.060525 
35.487513 
35.627625 
36.129390 
36.708847 
36.850111 
32.328803 
32.782557 
36.791806 
36.513811 
36.854751 
36.310582 
13.336670 
38.754520 
17.564150 
35.479139 
31.121458 
32.744282 
36.996244 
37.047230 
36.374770 
35.857423 
33.410412 
36.203159 
36.273200 
14.240177 
30.824050 
35.175101 
35.512346 
36.915132 
31.925761 
15.412926 
26.936048 
36.769320 
31.940763 
34.434642 
36.873971 
12.767733 
35.657770 
32.087677 
33.469993 
36.922005 
37.554385 
31.223920 
35.045284 
20.480688 
37.121707 
34.327040 
35.640362 
32.075533 
35.606038 
36.850833 
36.548586 
35.680842 
38.290275 
36.154197 
34.973821 
36.905030 
35.006073 
35.798834 
30.538250 
41.533300 
21.764215 
32.804428 
35.363091 
32.836524 
31.794678 
39.038793 
35.203454 
37.199221 
33.388280 
27.186140 
36.362737 
35.259327 
35.253552 
34.853085 
35.685079 
35.634101 
35.662588 
33.481421 
35.600584 
35.118303 
36.579535 
34.316719 
35.326250 
33.782038 
36.632795 
36.584291 
37.018780 
34.303710 
39.620120 
33.444332 
36.326218 
36.180816 
33.807659 
35.035443 
34.239950 
35.098558 
31.706570 
34.644505 
35.825692 
35.796268 
33.748805 
34.947241 
36.804417 
34.774104 
34.733919 
37.007470 
30.773175 
35.320853 
35.716139 
35.935760 
33.812217 
36.878704 
35.054456 
35.566270 
36.510009 
36.327671 
30.640765 
32.641262 
31.515748 
36.824506 
35.222612 
35.404791 
33.612965 
37.144177 
35.413499 
32.584673 
35.858496 
30.786698 
16.047221 
30.200336 
36.842586 
36.432076 
36.806450 
36.028132 
34.989378 
32.547114 
36.143352 
36.856302 
33.670742 
35.478422 
35.581758 
28.014655 
27.916417 
18.903935 
36.827344 
35.287609 
35.903537 
32.958147 
32.530329 
33.828822 
30.568003 
37.986820 
35.779930 
35.574186 
36.897910 
34.080325 
36.766099 
30.403894 
36.012537 
33.556267 
