25.442479 
13.386684 
23.500168 
32.793755 
8.409865 
25.021681 
28.605013 
23.404459 
30.042324 
24.474612 
8.271743 
32.889440 
24.371068 
11.273648 
30.806310 
28.124216 
21.022984 
31.786265 
53.278351 
19.875191 
11.258228 
61.910232 
12.465456 
41.167196 
12.048086 
29.485279 
32.204783 
27.108244 
7.058331 
6.616503 
22.510199 
37.441329 
27.261557 
22.328479 
14.352647 
44.912529 
8.122734 
30.348086 
38.663853 
31.709265 
31.867519 
34.201594 
19.124131 
23.688007 
28.015572 
40.194089 
61.196331 
28.461923 
31.070033 
31.809810 
11.063932 
29.449141 
24.915273 
29.592076 
23.586618 
13.664001 
47.212542 
13.362746 
33.433879 
13.443889 
25.277490 
11.831901 
27.522908 
24.742501 
12.831926 
29.974018 
25.634040 
32.641787 
7.645891 
1.950156 
10.387718 
28.246017 
61.156893 
20.140725 
43.332142 
10.625495 
20.023925 
13.178561 
17.406001 
28.049209 
50.118000 
55.908888 
24.809511 
29.340880 
22.839935 
26.000499 
31.537313 
26.431372 
15.167981 
35.839763 
26.079730 
32.028131 
22.389114 
33.993390 
8.364029 
29.445672 
18.287426 
31.683030 
12.050298 
34.085128 
18.112663 
24.485302 
28.112309 
30.096088 
27.356786 
7.640581 
8.086972 
26.093244 
22.248939 
32.351780 
22.472271 
7.199094 
30.830581 
28.718548 
30.749654 
22.792684 
31.889355 
26.518625 
20.128143 
30.144423 
38.150151 
28.064786 
36.185208 
23.246924 
23.839620 
9.155612 
20.716016 
25.767290 
27.110664 
12.640955 
23.740858 
29.269277 
29.447821 
49.757535 
25.348318 
22.982058 
31.165247 
9.925345 
8.895223 
30.381992 
23.756179 
35.094856 
29.250174 
15.496526 
27.716678 
28.425124 
21.494476 
12.025637 
23.886284 
31.958151 
31.905742 
30.999208 
27.812446 
27.074794 
14.110462 
26.458676 
24.067034 
2.659627 
27.963585 
24.311777 
28.868683 
18.886616 
53.093738 
30.829320 
30.913649 
15.171265 
15.073099 
22.930202 
2.388224 
32.102068 
29.981276 
24.771352 
26.578180 
8.107526 
22.345816 
32.428524 
12.683264 
23.030090 
24.911703 
33.994400 
30.643482 
24.233962 
30.011950 
31.752486 
29.360034 
29.022241 
30.891215 
23.252632 
31.424148 
32.713497 
26.912372 
10.620239 
23.410113 
10.122783 
29.463719 
31.126900 
27.318847 
30.088156 
2.036225 
61.803065 
23.388046 
27.470230 
14.676144 
29.224070 
62.737916 
7.804520 
26.967867 
33.313783 
24.953439 
24.511809 
26.139402 
12.867546 
36.166144 
8.027159 
29.104895 
31.969066 
22.479458 
27.663010 
36.930449 
37.426916 
13.603426 
27.241765 
28.846850 
29.604455 
32.706742 
32.787516 
6.856507 
32.587172 
33.433397 
25.752408 
32.851415 
26.544671 
32.926532 
31.914786 
29.291727 
30.119269 
27.810860 
3.372826 
31.320321 
32.309705 
29.896168 
30.268458 
28.869126 
27.839342 
25.950070 
30.619495 
48.141768 
31.367969 
31.853970 
15.068770 
31.010203 
46.697764 
33.440030 
27.278868 
63.218300 
25.361918 
29.621373 
28.286612 
24.836681 
30.786318 
29.936175 
23.885703 
24.445951 
32.631506 
26.595059 
30.516459 
26.978823 
25.488832 
22.407526 
40.610518 
29.621123 
8.684077 
31.230792 
23.873244 
30.959115 
8.182679 
24.031132 
22.591276 
23.807763 
23.115029 
2.532378 
2.548539 
30.079834 
36.057187 
24.919521 
32.081254 
3.220975 
32.722575 
33.885307 
13.383260 
35.494822 
9.944106 
2.433695 
29.384629 
19.302008 
30.418610 
7.716645 
8.070032 
11.534491 
33.037328 
31.709546 
23.723779 
27.770781 
30.898664 
23.905662 
7.840324 
28.767358 
31.844570 
31.613785 
8.391359 
25.244977 
13.637900 
61.892656 
23.796678 
20.393115 
6.642617 
24.789589 
10.945660 
23.297846 
23.285421 
31.517238 
17.585069 
7.596039 
10.567052 
23.479731 
8.501812 
23.057080 
2.561479 
2.919961 
30.311320 
14.349631 
16.569794 
34.409452 
7.784183 
29.367106 
2.749674 
16.106278 
10.913053 
11.091586 
27.116093 
30.213920 
11.473995 
27.219011 
26.298569 
30.275273 
19.984218 
48.225408 
34.814868 
62.152781 
31.700582 
23.667959 
8.104931 
31.454343 
27.496079 
23.324909 
31.519794 
25.140032 
22.482610 
25.478605 
31.785363 
16.427014 
12.046229 
7.651817 
25.406474 
2.836681 
9.086529 
13.537264 
13.973555 
5.326197 
26.180642 
28.969873 
30.615916 
23.983649 
24.936706 
25.412192 
13.595542 
23.226289 
3.395836 
23.582382 
30.592338 
2.143778 
47.726916 
22.449104 
12.946935 
25.611670 
8.043138 
30.357984 
32.395797 
11.306326 
25.920582 
12.113423 
30.219966 
25.664416 
2.798673 
23.859127 
25.190695 
27.452863 
31.329747 
15.354692 
2.854521 
25.316953 
7.437335 
11.577313 
26.910667 
7.046211 
1.937291 
27.807330 
27.238487 
22.645821 
29.490962 
37.288828 
5.474569 
26.382605 
11.817257 
39.268201 
31.705185 
31.715746 
16.850716 
16.184994 
28.480020 
25.258456 
31.479707 
17.155292 
24.525279 
28.193170 
25.130064 
25.109759 
29.287983 
7.101041 
16.848180 
3.230430 
24.197597 
22.475641 
20.770803 
13.171551 
4.824344 
29.506258 
34.731037 
25.413050 
7.651164 
38.329709 
11.333198 
28.568270 
29.360443 
32.860129 
27.743497 
26.893861 
12.173081 
26.515395 
22.322223 
30.476656 
30.322281 
35.053632 
29.066831 
26.247545 
13.819531 
34.283621 
30.197929 
59.417876 
34.497798 
25.685062 
22.830993 
32.570741 
29.388130 
29.241786 
27.778222 
23.757281 
13.724753 
32.241027 
13.306413 
30.341953 
24.109799 
49.862243 
31.240409 
9.817027 
22.544305 
31.694676 
27.552125 
22.727093 
27.258415 
24.230732 
37.225272 
9.096906 
27.681980 
24.299645 
27.976484 
29.153696 
30.198024 
28.160629 
25.684121 
23.921876 
31.144289 
26.454391 
33.544235 
28.411169 
27.319952 
29.289198 
10.293242 
8.430741 
29.650866 
16.118397 
37.094103 
13.397723 
28.369464 
30.668088 
30.853920 
21.498776 
33.842007 
28.441487 
29.067882 
25.167415 
30.190232 
36.868722 
23.888335 
24.565869 
23.105481 
25.198714 
25.913069 
11.632159 
28.980388 
25.982690 
50.756083 
31.047662 
24.039113 
29.728640 
26.480776 
22.583766 
8.971542 
26.218340 
19.698586 
