0.143798 
22.693424 
34.210130 
23.380438 
0.134637 
36.633342 
33.896028 
36.409344 
29.524053 
35.251709 
47.246412 
35.332577 
36.633348 
36.589598 
36.624808 
18.701449 
30.430897 
0.140835 
35.999885 
25.683393 
36.688915 
15.657755 
36.020606 
33.082185 
33.232259 
26.035877 
27.399321 
26.637097 
36.829037 
38.986957 
36.614596 
0.133335 
32.664631 
11.124060 
36.620921 
10.869126 
34.730204 
0.133513 
0.138759 
13.878978 
25.411793 
35.202419 
21.511944 
33.654196 
27.695951 
20.690053 
36.633350 
34.193151 
36.614260 
0.136951 
2.227397 
35.448955 
23.440932 
19.623504 
15.152165 
36.602152 
30.295443 
29.762601 
36.633350 
45.164437 
33.724823 
35.945633 
36.319601 
36.629615 
49.368025 
53.800000 
17.275733 
12.227358 
34.376752 
36.633350 
36.628960 
35.525626 
29.375655 
38.539405 
13.774415 
53.800000 
27.380013 
34.467861 
0.133431 
11.562425 
15.510036 
35.965392 
35.735753 
36.411562 
36.191372 
32.877434 
26.088668 
20.855895 
36.633350 
16.697707 
34.581756 
32.563297 
36.973026 
21.017777 
35.883335 
36.528635 
9.737372 
30.685174 
53.800000 
36.150886 
53.800000 
17.299353 
35.503619 
36.610311 
14.964459 
31.270802 
15.703852 
37.678696 
36.367736 
11.361816 
0.921250 
32.359451 
36.528962 
40.098729 
34.371501 
36.633350 
36.595598 
36.517414 
36.628721 
32.892080 
11.225406 
15.652175 
53.800000 
36.633350 
35.951366 
35.371852 
14.461799 
25.747922 
28.919897 
36.600364 
36.607134 
35.980212 
49.315999 
36.633350 
36.562377 
35.835154 
30.948820 
53.800000 
18.572998 
36.633350 
33.403671 
45.354942 
33.392433 
29.254274 
5.785820 
35.856921 
33.283217 
36.563461 
36.522328 
29.665612 
0.134417 
36.116204 
31.727784 
35.532839 
43.678110 
36.499888 
32.536402 
36.633350 
36.007658 
35.971119 
31.256692 
30.100172 
28.016852 
26.068515 
30.893572 
53.800000 
10.863437 
35.467279 
36.633350 
14.303655 
36.171435 
36.633350 
14.255598 
35.271746 
36.612489 
36.460061 
24.655263 
36.633350 
15.082805 
34.622095 
33.718168 
45.633929 
10.707467 
36.055236 
53.800000 
21.127765 
31.528377 
19.991425 
53.800000 
36.427024 
33.327885 
13.655446 
36.345129 
35.865276 
36.164791 
25.517912 
34.842266 
19.453175 
36.633350 
31.179214 
36.633350 
30.823299 
11.119960 
11.976097 
36.974155 
36.633350 
36.611187 
31.087069 
34.913933 
36.447044 
35.585763 
10.858901 
0.149375 
36.333960 
34.570086 
36.624559 
39.739382 
36.015828 
36.631285 
0.145768 
36.633350 
33.308891 
12.123657 
33.748168 
35.556032 
11.165167 
36.571644 
35.907237 
0.133348 
36.632217 
0.133385 
35.157498 
35.019868 
35.885843 
30.891297 
35.326138 
36.519241 
36.623399 
36.305873 
35.768993 
35.022504 
27.109523 
13.708231 
29.575285 
36.633350 
32.040259 
36.541316 
3.309335 
36.500727 
31.702462 
36.509522 
14.343618 
8.035739 
36.632224 
36.633350 
35.566838 
36.633343 
33.514342 
35.604945 
18.736914 
35.716890 
36.633350 
36.604017 
31.267126 
33.010629 
30.086644 
36.633348 
36.633331 
36.010066 
12.884392 
35.787259 
35.620234 
35.350421 
36.628923 
18.259818 
22.511005 
36.044198 
36.553834 
36.632384 
36.633350 
36.633350 
36.633350 
49.682231 
31.645697 
36.633350 
36.390528 
36.633350 
36.833494 
32.607297 
26.711556 
36.633350 
37.615480 
36.633350 
36.633350 
34.926013 
12.707918 
36.633343 
36.633350 
33.890206 
36.630793 
36.633337 
18.242814 
36.535383 
32.980298 
36.633350 
34.786762 
0.133544 
29.103360 
33.584127 
36.629826 
36.446446 
36.631648 
17.594652 
35.714368 
35.405196 
36.633207 
36.633350 
44.645695 
36.565198 
36.170922 
36.633350 
53.800000 
36.633350 
42.350056 
36.633349 
36.614883 
36.633350 
36.633350 
36.633350 
36.633350 
52.605187 
33.042315 
0.134211 
36.633350 
33.945338 
36.633350 
33.596827 
53.800000 
25.421495 
39.921322 
12.945779 
36.632722 
36.602503 
12.392230 
11.116063 
34.811189 
17.560763 
35.296120 
8.244121 
31.325355 
23.997922 
36.633350 
36.633321 
35.685649 
36.633350 
30.090717 
11.429615 
35.805145 
30.261774 
34.716386 
35.704739 
9.909069 
36.633350 
34.861206 
36.633343 
36.612250 
36.597497 
17.246967 
31.844999 
30.951562 
35.051788 
53.800000 
36.631033 
36.633350 
12.247299 
21.497859 
36.633350 
36.633350 
36.633310 
35.665289 
36.633350 
0.163573 
36.633350 
42.646163 
24.819380 
36.626783 
39.363754 
35.442016 
36.493169 
34.199857 
36.566108 
34.370857 
36.633098 
36.633350 
19.250530 
36.633261 
32.469306 
34.644860 
19.550065 
36.633350 
32.320622 
36.633350 
34.815407 
36.002566 
36.633348 
36.633350 
36.255649 
9.978782 
36.621386 
36.572471 
36.080395 
30.082598 
15.500235 
36.633121 
42.652624 
13.552871 
12.432622 
11.175090 
26.959932 
36.498521 
36.610648 
26.855145 
53.800000 
23.370152 
30.464963 
36.332828 
24.331957 
31.610751 
53.800000 
12.170663 
36.633350 
36.590340 
53.800000 
32.208300 
34.264522 
53.800000 
36.631041 
36.593892 
10.957145 
0.149916 
13.030772 
35.345977 
35.644407 
18.551576 
36.286743 
35.777975 
38.800367 
53.800000 
26.146714 
35.382731 
36.633300 
11.674144 
36.371244 
14.689240 
36.563844 
35.866746 
43.350659 
10.881275 
8.658458 
10.792698 
35.897347 
35.832420 
53.800000 
17.158093 
35.579905 
14.403891 
28.374366 
37.360086 
20.941446 
35.068276 
9.689774 
35.804719 
36.633350 
0.155300 
38.089324 
36.517398 
53.800000 
28.371472 
33.183268 
35.748868 
21.837119 
53.800000 
48.239020 
30.480603 
36.626766 
19.045053 
32.729453 
16.298580 
11.828839 
36.631918 
36.510702 
10.156542 
16.192480 
36.460439 
35.690789 
0.133698 
32.706894 
9.514273 
36.633350 
11.097145 
36.633345 
36.429397 
36.633350 
12.353863 
7.776488 
15.206027 
36.292564 
0.157911 
6.197655 
35.316764 
35.464298 
15.971793 
0.151887 
36.633350 
33.069189 
33.178415 
24.638842 
13.355170 
34.210037 
10.950379 
30.844009 
9.468758 
25.645471 
12.405686 
47.181895 
13.388795 
36.633289 
53.800000 
36.277897 
36.446740 
