41.2
35.03333333
7.833333333
7.6
2.344262
35.33333333
32.76666667
8.3
32.33333333
35.6
27.43333333
32.33333333
27.3
3.466666667
28.33333333
29.03333333
7.833333333
47.5
8.270492
16.7
22.86666667
3.836066
46.3
5.352459
14.1
36.53333333
38.86666667
19.754098
60.8
46.5
9.434426
48.16666667
31.86666667
30.93333333
8.07377
11.401639
27.66666667
9.466666667
3.54918
9.266666667
5.606557
62.13333333
8.368852
28.827869
2.934426
0.770492
10.614754
83.6
42.032787
18.491803
24.885246
57.66666667
34.3
51.606557
35.106557
15.1
41.03333333
10.401639
22
2.566666667
5
32.663934
27.43333333
2.836066
8.614754
11.877049
60.26666667
19.442623
47.43333333
82.26666667
48.262295
14.4
5.229508
13.418033
12.237705
13.286885
14.46666667
77.73333333
35.23333333
15.06666667
62.3
8.418033
19.639344
45.098361
14.03333333
19.819672
44.836066
30.778689
25.114754
14.418033
7.688525
43.33333333
16.54918
19.07377
6.639344
15.54918
19.008197
5.3
20.106557
8.139344
26.73333333
67.3
12.303279
30.8
13.942623
14.5
0.327869
7.733333333
12.909836
1.54918
4.327869
6.278689
6.688525
1.967213
10.303279
24.2
29.4
2.163934
75.3
3.401639
18.66666667
14.631148
54
9.008197
22.491803
4.098361
49
1.581967
4.066666667
24.96666667
6.122951
10.5
5.581967
44.53333333
13.96666667
13.53333333
7.377049
35.6
2.266666667
36.36666667
33.03333333
16.43333333
15.26666667
4.54918
16.83333333
9.833333333
16.86666667
3.333333333
25.86666667
31.7
2.9
11.4
25.56666667
12.36666667
7.033333333
8.581967
1.040984
