11.3
3.491803
6.196721
7.6
20.2
11.4
14.06666667
2.688525
35.36666667
26.2
4.4
4.9
12.4
31.96666667
1.868852
10.07377
21.96666667
17.1
18.4
9.278689
25.76666667
7.278689
21.16666667
0.377049
2.934426
3.147541
24
16.83333333
24.33333333
4.163934
6.5
26.83333333
22.6
10.3
1.833333333
9.033333333
1.377049
23.63333333
15.2
26.96666667
12.9
23.93333333
17.3
10.86666667
38.368852
17.5
15.83333333
10.3
12.56666667
13.63333333
55.1
17.56666667
10.540984
18.139344
7.270492
15.614754
11.4
35.26666667
11.5
5.933333333
2.262295
3.147541
7.811475
5.163934
7.133333333
19.03333333
0.633333333
16.4
2.811475
15.07377
12.54918
12.336066
7.066666667
35.319672
3.040984
2.639344
19.26666667
17.16666667
50.76666667
0.754098
4.4
19.081967
10.680328
1.6
6.8
10.680328
44.73333333
35.93333333
0.967213
13.97541
10.401639
1.6
6.639344
10.385246
5.557377
20.7
1.770492
13.270492
4.366666667
2.933333333
1.204918
9.2
2.4
6.540984
32.1
6.877049
2.166666667
13.5
36.43333333
16.33333333
15.36666667
46.83333333
9.803279
18.07377
3.590164
5.196721
