22.871048 
16.276871 
19.337608 
21.025546 
36.813831 
20.845178 
29.614428 
14.412283 
32.822008 
20.803815 
16.468375 
19.303842 
3.014958 
18.956116 
31.198921 
28.663202 
7.633782 
30.808631 
17.259673 
8.096165 
10.418539 
14.046473 
21.912010 
7.761722 
2.591985 
6.780065 
13.863859 
24.055073 
15.043477 
3.536563 
9.018446 
28.709053 
12.245110 
18.088149 
5.480320 
6.525337 
26.079702 
20.162133 
31.570406 
33.125077 
17.951142 
33.227204 
14.122631 
18.318053 
25.752271 
12.575538 
24.654113 
22.352578 
41.185597 
8.897466 
16.335927 
14.852518 
18.186829 
4.308455 
15.767278 
32.260435 
14.374429 
5.290371 
25.644115 
11.547489 
1.771914 
5.250227 
32.700303 
51.531843 
13.481258 
13.183890 
12.871423 
11.865301 
5.679241 
19.472127 
6.171529 
5.354518 
24.691460 
