21.535295 
14.054557 
21.352828 
21.812840 
31.615376 
20.943016 
24.812009 
14.139885 
32.497277 
19.311073 
19.519321 
17.335039 
3.833878 
17.598871 
30.682915 
20.650912 
11.417118 
27.692807 
16.771358 
10.682117 
13.742087 
15.765039 
22.541050 
9.526299 
2.662482 
8.331888 
14.611483 
22.245760 
15.939508 
3.906486 
10.688443 
25.586619 
10.759350 
18.957587 
7.272072 
8.850020 
27.655869 
22.739345 
30.163323 
30.933494 
18.072581 
33.996593 
13.052370 
20.655354 
23.703721 
10.873661 
19.821136 
18.715176 
40.510077 
10.710202 
13.302683 
15.861892 
21.909606 
4.888705 
15.953791 
25.751945 
12.701349 
6.623240 
27.996539 
12.813907 
1.751454 
6.158680 
31.957473 
44.331036 
13.229033 
14.340310 
13.602286 
12.463762 
7.081847 
23.924499 
6.843332 
8.423172 
23.327704 
