19.130376 
4.674806 
12.519927 
6.619250 
4.515553 
18.214622 
12.346850 
21.103039 
6.594394 
18.056316 
13.685325 
13.255887 
16.410991 
11.784931 
16.497596 
26.412095 
9.293841 
12.043688 
14.394982 
12.543544 
3.634011 
5.432162 
22.692749 
17.480402 
13.486553 
22.457188 
21.451139 
9.061083 
13.565171 
20.846426 
22.569706 
22.312362 
40.853102 
11.731390 
4.892962 
3.837739 
13.048974 
14.027664 
4.371540 
2.892077 
12.755525 
11.549988 
3.552118 
11.307515 
2.443501 
1.507781 
10.479409 
17.062127 
14.757082 
17.852748 
6.988524 
29.229177 
15.054436 
13.958090 
11.497550 
5.665895 
7.902227 
12.865096 
35.068501 
13.946006 
5.852320 
16.697906 
4.645846 
10.616194 
5.094901 
19.166429 
16.230228 
12.360021 
12.663260 
14.927229 
10.112062 
7.269289 
9.989828 
2.576028 
12.323270 
12.978705 
10.740736 
19.291624 
15.371639 
10.889489 
23.494984 
14.546995 
10.624131 
14.279182 
13.245809 
12.748215 
17.882777 
13.086942 
22.399003 
16.867823 
11.572810 
14.580999 
9.570018 
19.532572 
7.420538 
12.619408 
14.724281 
11.010082 
7.479267 
12.182112 
18.877633 
18.798397 
10.885786 
12.816835 
5.390099 
13.492009 
1.588881 
14.748698 
7.005465 
11.263687 
6.646494 
8.768302 
12.364542 
3.907130 
6.727966 
13.696921 
17.040912 
4.666444 
14.474671 
2.028201 
13.464564 
8.196847 
14.318699 
12.267069 
6.741539 
5.670828 
7.654269 
2.110834 
10.089549 
9.766706 
5.407685 
13.000660 
11.424742 
12.742369 
18.022427 
17.251736 
5.642023 
9.879164 
7.382344 
12.585339 
16.428324 
13.286317 
19.033683 
6.730638 
9.148435 
3.636291 
18.277072 
14.667955 
12.906736 
10.096202 
15.271895 
10.981638 
12.167571 
4.589325 
16.792101 
12.690358 
13.113782 
