6.967092 
11.036197 
13.740214 
21.468606 
21.867558 
32.755111 
26.114199 
15.021203 
8.257036 
6.252036 
16.043636 
24.703957 
6.534330 
15.184917 
7.957764 
17.745410 
3.110678 
31.731533 
31.472196 
16.479485 
8.346809 
38.240158 
18.951659 
22.557844 
1.370517 
4.082866 
22.778295 
8.320538 
17.892287 
10.800222 
16.042181 
31.722595 
12.165442 
20.464850 
31.617030 
34.366250 
12.231573 
33.000117 
1.603089 
1.604205 
6.834531 
32.917848 
29.174447 
11.701919 
2.674728 
7.825954 
4.482271 
34.730176 
33.118074 
11.207736 
31.420816 
16.859640 
8.181582 
1.430266 
12.053199 
24.496993 
34.059304 
18.593524 
20.747951 
10.490515 
6.187127 
11.084017 
16.297146 
4.645685 
7.081166 
36.769816 
2.888081 
43.265477 
4.688522 
27.497309 
37.430563 
5.640063 
44.835589 
8.824471 
34.230988 
11.100263 
3.863961 
36.061714 
2.686801 
8.883616 
14.478001 
13.628592 
33.846290 
42.781168 
3.193458 
1.327813 
33.641785 
14.321858 
21.866839 
1.378944 
2.530683 
4.963157 
42.655218 
16.175270 
1.448168 
23.151219 
26.522395 
9.480403 
6.970801 
7.451037 
8.632187 
8.117685 
2.594526 
21.548761 
12.644343 
33.600415 
3.407843 
36.068949 
34.265733 
13.550880 
0.855633 
16.816040 
28.216339 
6.583766 
35.443451 
38.458739 
6.630340 
12.578975 
8.609606 
13.973163 
5.920411 
30.370532 
6.617943 
13.505511 
6.346619 
19.797123 
15.042752 
9.930484 
18.072814 
30.365222 
30.969764 
6.921343 
33.690628 
12.378399 
12.899697 
15.025188 
16.731534 
27.440041 
7.529103 
35.856077 
42.745517 
4.108026 
9.887697 
12.020152 
31.295708 
21.834689 
9.156666 
13.403172 
9.769560 
35.738402 
26.069978 
15.120607 
27.723801 
32.221329 
39.013552 
26.795355 
13.116942 
28.688959 
21.589432 
33.851442 
38.902643 
13.617948 
8.676021 
4.095646 
34.298770 
12.958948 
36.442621 
7.984328 
25.526165 
14.018227 
4.711377 
5.321486 
35.252555 
1.640223 
4.384612 
22.261702 
1.691746 
