41.704567 
9.168002 
35.366984 
24.478786 
17.723037 
33.678669 
23.233132 
32.785437 
26.596870 
36.798077 
31.731533 
47.478191 
40.566316 
11.722454 
35.603536 
35.416465 
17.182705 
6.963549 
13.985007 
18.127418 
14.041113 
38.979902 
21.878202 
31.434357 
33.918802 
35.182189 
36.834918 
25.252981 
18.181422 
22.027816 
27.404860 
41.322637 
30.945121 
22.765984 
34.180708 
7.027722 
4.087663 
17.705852 
30.072916 
34.464100 
6.099996 
31.472196 
10.717133 
13.542584 
2.886253 
36.373436 
40.744157 
28.008139 
25.449057 
5.597252 
16.479485 
36.290266 
36.594089 
12.958948 
10.880957 
35.686235 
31.570014 
8.346809 
39.666639 
15.637641 
36.479779 
18.240135 
28.204492 
35.017867 
27.605068 
19.231572 
38.240158 
40.466273 
38.284553 
34.647591 
36.919874 
34.605845 
33.891911 
46.652964 
22.470660 
4.095684 
41.504235 
18.334064 
23.304379 
10.658594 
42.517332 
35.529112 
38.341668 
33.131489 
1.653074 
35.758044 
39.486565 
36.688098 
17.620249 
41.376527 
17.985479 
5.777303 
37.218149 
24.232041 
34.145333 
17.699972 
14.759788 
33.814285 
28.134570 
21.819252 
17.877590 
24.676886 
18.951659 
22.557844 
28.560801 
23.807607 
22.582519 
12.449521 
32.876962 
38.761991 
16.993448 
35.767046 
1.370517 
32.183584 
39.239259 
22.479404 
33.547577 
41.677186 
24.603963 
4.178421 
22.582882 
4.082866 
34.731503 
36.197765 
24.521161 
11.572943 
35.448976 
12.657395 
22.778295 
28.872023 
3.535657 
21.632951 
22.618498 
35.457218 
13.762752 
8.320538 
36.442621 
23.722905 
42.724397 
6.933610 
17.892287 
38.333364 
4.219478 
27.914319 
40.670509 
7.984328 
37.731911 
36.468937 
36.839322 
12.111326 
28.866810 
22.170913 
10.637762 
29.159189 
31.725726 
16.394899 
39.849030 
38.153342 
36.651360 
10.800222 
35.195462 
4.249626 
22.374776 
27.591630 
28.759082 
38.763113 
36.089205 
36.660116 
31.422389 
24.896770 
22.061464 
22.208536 
31.311138 
34.577850 
2.430992 
36.454634 
8.840633 
0.408427 
24.385897 
35.007616 
20.774857 
32.912875 
16.042181 
31.722595 
29.405268 
31.300338 
12.324220 
35.369122 
13.422263 
14.358891 
36.019232 
29.605072 
40.928318 
21.552440 
35.628310 
38.631159 
16.682367 
29.190396 
33.668267 
36.233564 
28.799549 
20.881996 
38.972370 
12.216898 
17.611406 
36.741767 
25.526165 
23.449881 
10.706200 
7.145854 
24.225724 
21.314768 
41.814064 
13.814092 
1.395257 
12.165442 
17.228781 
41.999202 
3.861408 
2.515161 
21.316794 
32.965121 
35.889365 
40.134075 
37.393217 
40.441140 
13.576198 
11.822011 
2.713994 
38.311645 
35.332187 
22.656795 
14.044375 
29.568571 
33.028046 
38.967647 
14.834677 
6.418251 
10.278428 
17.636609 
22.748345 
36.357482 
3.853302 
21.403404 
35.885631 
14.018227 
4.711377 
12.840882 
28.312529 
12.665202 
34.737848 
0.536609 
20.464850 
31.617030 
1.376876 
28.888237 
36.237680 
17.682784 
2.684632 
6.899508 
5.350668 
34.366250 
32.913143 
18.116345 
16.447758 
35.817759 
36.436396 
40.006015 
6.968941 
39.650858 
31.776180 
25.281062 
33.031448 
18.949524 
35.600599 
2.950628 
40.471457 
21.702084 
31.858681 
48.249191 
22.244884 
32.781385 
35.965798 
13.462441 
23.841060 
8.924463 
17.406586 
36.809689 
12.850234 
12.231573 
5.321486 
11.741719 
36.029627 
39.949149 
20.943716 
35.570158 
21.118574 
35.252555 
9.586321 
4.865937 
21.569687 
30.148447 
4.878032 
22.599106 
8.686175 
35.658967 
20.853855 
16.619534 
29.285456 
1.640223 
35.787667 
1.786920 
25.350084 
33.000117 
0.510436 
32.312161 
36.689540 
4.384612 
14.532750 
35.657440 
16.070594 
31.728992 
13.762868 
12.263706 
18.380450 
14.514379 
13.437352 
25.338960 
34.409988 
9.741283 
3.822072 
31.929989 
40.571767 
21.741968 
6.549454 
34.887852 
11.923639 
19.846505 
22.261702 
32.265766 
0.556501 
21.113512 
8.068416 
38.074032 
7.335670 
35.609486 
25.403580 
23.352694 
7.900235 
33.718842 
34.445683 
5.240144 
23.109708 
36.051235 
36.029420 
39.989136 
36.166862 
40.589561 
8.482573 
26.203781 
1.691746 
10.469431 
17.693445 
31.403183 
19.705345 
8.247521 
3.602428 
10.038999 
32.045671 
12.695589 
35.634599 
31.527472 
11.915823 
28.363109 
4.508119 
22.725696 
10.813081 
20.484966 
1.603089 
28.710433 
12.921863 
40.179921 
24.188841 
14.397663 
23.993770 
27.446483 
5.268630 
36.448498 
35.493287 
35.791276 
42.019790 
32.149119 
35.324358 
23.043739 
13.403828 
10.223522 
11.931393 
45.444010 
35.028474 
1.604205 
12.458251 
22.874100 
36.545137 
16.509013 
16.352476 
14.227955 
36.081487 
18.539724 
26.444944 
27.223852 
13.223390 
5.967836 
17.334321 
37.227716 
14.081260 
6.834531 
30.411685 
16.996546 
26.390590 
16.279237 
9.157597 
24.589283 
2.193786 
16.061568 
13.388926 
34.730077 
22.515383 
4.794851 
22.352767 
34.372547 
5.433730 
32.584716 
29.324900 
13.120427 
36.212504 
38.959767 
18.012063 
29.218157 
35.425478 
38.390679 
11.298106 
28.985846 
3.314928 
37.990988 
31.845124 
27.687489 
40.620375 
32.917848 
33.218661 
11.964168 
34.716061 
32.848559 
16.059620 
22.227095 
16.110544 
2.201693 
24.169418 
29.618183 
10.657627 
29.712983 
27.676166 
6.213824 
10.865750 
7.576658 
25.723165 
16.460679 
24.071816 
34.517192 
33.445378 
21.951303 
20.624273 
35.977861 
31.209262 
38.666219 
4.365994 
8.136799 
32.090188 
7.608454 
37.857915 
28.232838 
