11.509584 
7.552642 
7.814852 
13.122316 
12.502905 
17.707267 
8.807396 
9.080777 
7.191959 
11.397746 
13.875752 
10.068447 
7.386589 
4.677317 
4.574937 
9.407833 
13.024017 
7.307337 
11.718478 
6.943400 
12.542515 
13.459997 
8.993578 
13.273218 
11.459053 
2.261429 
11.703586 
7.164298 
9.627991 
11.911944 
12.527527 
9.847700 
11.951061 
7.668399 
15.854091 
13.447024 
12.674957 
13.540266 
11.465311 
10.338246 
6.421039 
10.302907 
9.442040 
11.749777 
12.002541 
11.387166 
2.658578 
14.552351 
7.429035 
7.530941 
11.055781 
7.318447 
4.035698 
6.809156 
4.670653 
2.135373 
8.028848 
11.006033 
7.430918 
6.755446 
11.049295 
3.454492 
9.451492 
11.319254 
12.709170 
14.099126 
12.662020 
17.066573 
6.481037 
11.958082 
13.884400 
9.049464 
2.361833 
13.398987 
8.774472 
5.882680 
11.284980 
12.383513 
12.553026 
13.734477 
8.530625 
7.889243 
6.763475 
2.228152 
10.504422 
9.367173 
5.304859 
15.239168 
12.769440 
12.875103 
7.008547 
12.655277 
8.869354 
12.657373 
11.660011 
10.533113 
7.147558 
7.024761 
17.450731 
8.478167 
9.634081 
5.851966 
6.231943 
13.025747 
9.009825 
7.969645 
3.285866 
1.720211 
12.650802 
3.877501 
9.022387 
7.647625 
12.211122 
11.684232 
4.594678 
11.783576 
7.753126 
9.258657 
7.797855 
7.839004 
6.418475 
9.480295 
12.631894 
7.998374 
6.519314 
9.878362 
10.591011 
6.953601 
6.196648 
11.061720 
2.226879 
10.926377 
6.206533 
7.700947 
4.109333 
3.015816 
13.556649 
9.329458 
16.079826 
3.138449 
10.343920 
11.571268 
7.449084 
6.152554 
7.594573 
3.894538 
2.239303 
3.143357 
12.674866 
8.145246 
12.047275 
9.935434 
11.139992 
6.232980 
6.001580 
0.000000 
2.267853 
7.137132 
9.602527 
11.900875 
12.448732 
2.780294 
13.471193 
4.838767 
13.361796 
2.255938 
12.059606 
5.753647 
10.159559 
9.415239 
14.463061 
8.045514 
6.791848 
7.694563 
8.078797 
12.456062 
9.238305 
15.144090 
14.617600 
12.248015 
7.739072 
2.310208 
5.431810 
6.341716 
12.622554 
8.846970 
12.437401 
11.232176 
4.103464 
13.664524 
8.074369 
2.246445 
6.338533 
10.389727 
9.396382 
12.495203 
3.045556 
11.581900 
6.363828 
14.150707 
7.334958 
10.155318 
4.243770 
13.304638 
9.103397 
9.475511 
2.374998 
13.792078 
12.862601 
8.826929 
13.567417 
4.255380 
11.827977 
12.029886 
2.227089 
2.601852 
13.521955 
6.464027 
4.496174 
13.076575 
16.738267 
15.579754 
9.688397 
7.626191 
8.747750 
9.210777 
13.569373 
6.722040 
13.869865 
13.161883 
5.548502 
6.347960 
11.067941 
12.622639 
11.176503 
12.886513 
11.098271 
7.988092 
3.664057 
13.031053 
9.856414 
7.231862 
2.614250 
13.311173 
12.752084 
7.061833 
12.951082 
10.779317 
7.885644 
10.134858 
12.592919 
10.977882 
13.866879 
8.384825 
11.610884 
11.117702 
5.473747 
6.776967 
12.490424 
3.800214 
11.803135 
9.229455 
17.984733 
