32.700303 
14.933086 
10.674392 
51.531843 
13.481258 
4.574241 
12.601219 
11.474193 
11.966151 
21.735327 
28.851573 
24.038241 
13.183890 
5.445021 
4.964741 
12.871423 
23.134007 
5.160343 
14.335557 
5.342606 
6.070831 
29.607944 
14.783618 
8.779084 
6.308756 
1.787271 
9.286955 
10.368533 
13.032863 
27.571124 
10.828462 
22.112004 
43.787503 
20.678613 
11.153830 
16.390201 
11.865301 
29.167483 
16.010089 
14.610162 
3.904942 
27.997112 
10.517904 
5.679241 
19.472127 
14.058164 
9.430539 
14.928254 
19.308416 
13.810952 
10.606526 
27.047282 
2.024215 
10.262148 
4.108532 
2.635095 
19.172002 
10.293107 
11.881939 
11.355283 
13.715876 
0.733670 
18.167264 
10.089053 
6.089050 
22.764283 
6.171529 
17.269016 
15.618578 
14.720404 
5.715244 
24.313931 
7.419313 
21.079892 
10.072748 
3.818750 
22.309430 
17.215051 
14.088298 
17.456343 
20.438479 
3.171408 
5.354518 
0.657784 
10.216226 
14.294491 
12.504979 
19.296082 
11.366460 
24.847185 
10.546060 
40.799920 
19.085660 
23.143661 
11.679214 
22.952441 
11.721924 
11.032500 
14.363099 
12.817029 
16.275379 
8.665727 
4.049435 
15.931394 
12.795521 
9.232336 
2.431418 
3.800205 
10.064778 
2.523705 
2.964816 
11.085890 
16.721570 
29.825166 
4.066309 
30.431156 
14.534654 
13.148274 
22.809389 
10.324764 
5.112655 
13.658386 
24.691460 
5.317909 
13.087602 
12.847775 
4.020714 
12.675032 
8.303218 
30.495531 
0.941070 
14.317172 
2.002786 
16.548547 
2.372198 
3.349726 
18.543301 
23.862648 
25.014337 
5.256024 
11.033821 
15.158821 
13.166322 
10.743111 
16.443074 
9.269081 
1.778179 
3.836172 
10.797048 
34.060404 
31.741270 
17.171696 
13.268142 
5.899449 
4.025985 
12.685197 
2.427364 
4.097167 
26.444107 
11.909932 
19.218249 
2.311456 
22.484428 
2.487628 
13.080710 
0.698757 
4.187263 
9.875203 
29.744366 
13.961148 
8.712093 
19.422968 
3.987483 
3.574566 
21.728140 
4.623110 
22.106370 
7.209796 
16.594419 
14.586516 
14.200155 
0.759528 
5.940079 
5.356649 
44.546011 
19.059983 
5.089415 
32.733278 
4.217717 
25.986332 
4.418802 
0.761278 
6.840695 
11.321526 
19.772393 
6.928177 
2.236615 
12.756851 
12.393161 
13.353212 
7.561641 
15.867803 
2.433404 
13.950434 
7.604981 
17.879624 
2.475980 
17.506414 
10.941265 
12.698060 
15.712316 
3.823503 
17.204800 
15.919417 
1.732735 
2.362329 
13.174820 
6.628912 
4.075418 
29.645299 
9.265881 
21.977458 
13.433838 
12.834975 
9.932197 
16.817407 
12.203539 
15.236044 
10.490764 
22.607422 
3.756006 
9.622496 
26.643620 
25.766430 
4.819928 
21.216049 
13.523625 
16.433524 
2.429200 
14.317587 
11.187859 
10.643498 
2.253232 
17.791895 
28.235074 
9.163606 
30.350236 
12.981350 
5.541620 
10.905866 
6.608651 
17.066559 
14.895132 
11.526998 
30.590768 
13.126672 
4.282266 
6.758388 
13.785347 
5.654855 
31.442402 
19.097945 
0.000000 
