31.957473 
13.863544 
12.349598 
44.331036 
13.229033 
5.840972 
12.804440 
11.504218 
13.202087 
17.254965 
33.560400 
21.008093 
14.340310 
6.069881 
4.186386 
13.602286 
16.406280 
5.710845 
14.904999 
6.147483 
4.700279 
29.445858 
16.513340 
10.357434 
6.236550 
1.699659 
9.954200 
11.657466 
12.897753 
22.253663 
12.130527 
22.990493 
42.655558 
20.205924 
12.825751 
16.738342 
12.463762 
22.501374 
16.063789 
13.868907 
5.197326 
17.764028 
12.520688 
7.081847 
23.924499 
12.503950 
9.187268 
15.025369 
17.127244 
12.956207 
9.778770 
17.558085 
2.014999 
13.069257 
4.384725 
2.360886 
15.805768 
10.406081 
10.720866 
11.848274 
13.858918 
0.732954 
17.404392 
12.849190 
5.969854 
20.077415 
6.843332 
12.767515 
22.354311 
14.842950 
6.075287 
20.495712 
7.046792 
17.653875 
9.791281 
4.680839 
23.354280 
19.128088 
13.264451 
15.746207 
20.464254 
4.375373 
8.423172 
0.716321 
10.629979 
15.154670 
10.754247 
20.618659 
11.787681 
19.683537 
10.615933 
35.919186 
15.785649 
20.311325 
12.030282 
17.944995 
13.086516 
13.458802 
13.705942 
12.528683 
15.813558 
9.950911 
4.634412 
14.753572 
11.842531 
10.405778 
2.809362 
3.990356 
13.103542 
2.517704 
3.281727 
13.205727 
14.621369 
23.310822 
4.087118 
26.518906 
13.716360 
11.887135 
20.485892 
9.810335 
6.647585 
12.253857 
23.327704 
5.875932 
13.046595 
13.655526 
4.425096 
11.903016 
9.559864 
29.286802 
1.006340 
15.326418 
1.818515 
13.965477 
2.571024 
4.195405 
17.467441 
19.619568 
23.089595 
5.720048 
13.219952 
15.087342 
15.187520 
14.065132 
15.580949 
9.496735 
1.754924 
4.468268 
11.154080 
30.814309 
24.168003 
14.372250 
12.667503 
6.703232 
4.114641 
10.616726 
3.841867 
6.029669 
25.151839 
12.741029 
17.368539 
2.249739 
19.637906 
2.895478 
11.962759 
0.778085 
4.314986 
11.907728 
24.305141 
12.721710 
9.618850 
18.244888 
4.174908 
4.669224 
20.498253 
5.490293 
20.322181 
8.421511 
17.809726 
14.027855 
10.527167 
0.939985 
6.081078 
6.514456 
36.928313 
16.768292 
5.779686 
33.051135 
4.292782 
23.404226 
4.725099 
0.781564 
7.129757 
12.204406 
17.575281 
6.861585 
2.572289 
13.671585 
10.746702 
14.530968 
8.012018 
13.684342 
2.251854 
12.563406 
8.030996 
14.946308 
3.159627 
19.254728 
11.059847 
14.007364 
15.731904 
4.777948 
16.393776 
13.849437 
1.728700 
2.539812 
13.973143 
9.469924 
6.246823 
26.089496 
12.601817 
17.784592 
14.695500 
14.350708 
12.512256 
12.674052 
13.803769 
17.201416 
14.807271 
27.097075 
3.831248 
10.729863 
29.442620 
22.043535 
5.359278 
20.676122 
13.853839 
16.039576 
3.215125 
14.636908 
11.981272 
13.062260 
2.386224 
17.360810 
28.373226 
10.712433 
28.984390 
10.685101 
6.458107 
10.826246 
6.917211 
21.501325 
15.566978 
12.631995 
31.118271 
14.498897 
4.754356 
6.811410 
12.682583 
5.849468 
28.893238 
17.557297 
2.448382 
