42.898030 
26.462114 
9.698320 
16.459242 
13.221502 
7.573189 
25.996572 
11.706698 
8.964113 
26.359713 
16.539322 
67.366700 
12.093228 
21.186155 
6.546585 
22.990844 
9.416816 
16.442121 
10.197886 
20.374161 
16.594221 
45.221170 
28.757010 
23.086040 
10.063508 
11.345604 
29.637065 
16.708714 
6.766834 
31.804408 
24.810710 
44.840758 
17.947326 
40.666910 
15.309766 
34.045359 
5.230104 
13.394308 
13.590144 
6.652766 
5.523486 
38.782015 
5.822710 
8.844867 
4.934619 
23.033466 
36.111020 
11.561142 
18.303601 
6.932484 
19.824565 
21.534929 
11.642924 
15.335395 
5.233470 
12.105032 
17.182242 
35.716456 
47.268733 
18.777324 
43.258578 
34.484807 
23.783791 
7.327124 
9.956939 
28.443980 
6.513622 
16.740216 
12.670494 
16.590496 
10.763904 
29.337127 
11.189656 
31.987317 
19.510452 
17.824474 
19.830992 
16.632309 
18.755761 
23.154876 
17.533741 
20.682389 
6.625463 
9.426497 
2.491690 
8.501623 
21.786916 
7.787773 
31.609953 
9.455820 
7.132335 
35.416177 
13.256662 
36.606652 
11.928681 
17.386748 
5.285254 
11.398098 
10.165755 
15.819937 
14.618205 
19.906341 
12.527256 
27.229779 
16.212646 
20.295500 
24.946650 
5.654826 
15.711238 
20.982106 
34.607502 
19.653588 
16.520063 
10.874542 
26.083755 
6.320368 
16.581853 
17.711610 
8.780205 
26.176253 
9.067738 
28.158921 
7.143223 
11.696705 
12.997287 
31.803742 
16.349494 
5.630728 
13.055206 
25.986299 
10.699796 
12.138227 
21.496645 
13.204916 
19.197265 
5.351438 
15.623556 
16.522798 
37.984061 
21.097555 
8.586220 
9.813185 
16.543450 
14.681608 
12.164398 
14.865495 
16.276703 
14.977508 
19.849160 
5.236982 
26.678416 
6.342606 
5.744031 
27.811928 
19.607871 
27.767381 
6.283777 
7.152299 
6.357494 
6.834690 
12.475506 
16.766763 
9.849411 
19.323890 
26.754465 
6.852018 
19.183099 
22.591720 
6.215302 
11.733899 
16.330754 
5.661485 
19.757767 
6.753637 
28.695998 
18.327896 
9.098674 
5.233330 
8.710133 
6.860082 
9.680553 
22.211241 
20.838289 
7.041131 
28.319670 
27.004752 
19.103792 
5.967703 
25.407127 
14.926655 
18.665996 
10.619143 
20.293921 
6.663658 
8.402048 
18.815658 
19.063921 
9.122633 
16.124585 
6.416780 
17.523670 
8.983827 
10.981586 
36.827336 
24.698315 
13.249308 
9.880993 
21.360694 
24.378819 
21.391345 
7.149687 
8.975002 
26.297272 
20.404964 
20.065404 
5.597540 
29.554031 
35.063936 
23.408760 
5.294822 
23.244404 
11.183638 
20.836464 
21.903284 
16.088674 
8.962055 
16.305238 
14.439257 
15.138800 
17.658672 
16.030463 
18.337158 
5.374373 
9.679068 
16.913869 
6.910910 
5.235556 
35.503963 
7.242130 
6.527871 
18.560457 
15.240059 
15.471693 
10.044195 
24.106351 
39.734033 
23.585120 
21.502288 
6.810940 
23.511363 
15.954624 
5.233330 
32.312482 
12.179272 
2.309856 
19.466695 
11.617863 
6.535885 
5.286022 
13.134057 
25.775797 
8.569973 
16.892363 
20.318063 
18.610428 
6.268084 
23.789959 
14.133312 
19.714528 
26.652145 
25.289490 
19.780430 
17.525579 
6.528475 
15.533228 
9.518888 
10.209422 
10.731293 
5.815218 
67.366700 
23.433034 
10.773124 
11.790671 
21.146059 
18.557133 
46.188216 
16.944460 
27.525068 
5.771005 
5.233345 
18.266183 
31.294981 
20.308421 
25.115410 
9.587104 
18.915072 
14.372627 
14.351706 
26.297240 
24.128771 
9.546477 
17.534810 
26.077725 
9.982209 
22.617590 
18.865109 
27.291855 
16.061653 
6.654152 
20.421255 
18.183488 
15.245838 
6.227576 
15.054562 
5.233449 
17.612301 
38.680878 
19.584545 
27.467857 
6.449908 
6.503279 
23.951096 
28.749656 
11.816808 
24.454378 
18.783394 
13.850810 
19.273294 
15.878057 
19.798041 
26.888791 
37.081912 
24.237736 
13.590899 
16.582289 
13.528132 
18.550560 
24.270576 
32.647866 
15.322426 
5.234909 
23.976445 
5.246826 
20.921169 
10.947539 
24.373143 
9.966573 
7.703061 
5.502471 
12.066179 
8.093016 
29.191364 
6.875899 
14.739511 
15.298303 
22.237975 
12.204327 
18.401277 
13.956770 
15.645843 
5.233417 
24.837156 
22.861609 
8.363797 
9.284775 
5.248660 
5.356758 
15.538183 
22.716604 
20.791456 
18.068482 
21.914998 
5.626105 
19.466672 
31.799392 
22.197457 
6.571678 
5.837315 
5.295726 
25.090642 
10.182152 
20.058294 
36.985999 
18.120680 
20.047515 
17.477681 
11.555199 
22.057384 
21.705556 
14.247097 
18.219875 
6.275097 
10.718380 
19.899250 
18.839443 
36.454867 
5.233338 
34.673434 
6.920143 
43.854835 
14.482760 
18.928840 
16.032698 
11.486587 
6.377194 
13.054713 
18.400168 
16.453550 
6.943287 
22.613829 
27.181530 
38.461815 
23.853908 
21.620496 
5.533338 
32.762728 
20.120947 
28.929052 
9.584635 
6.180161 
38.141950 
38.526873 
18.458604 
25.374863 
28.717094 
19.745860 
17.354115 
34.045005 
19.963818 
26.219052 
20.316067 
12.840951 
21.954224 
14.789140 
9.999543 
28.269467 
7.822946 
28.681987 
12.421587 
18.998017 
22.988075 
6.725488 
17.219681 
17.305839 
14.608725 
11.615449 
24.234589 
20.642683 
9.306921 
29.270346 
6.804866 
20.571282 
11.120401 
25.948457 
35.642520 
5.626839 
24.371790 
20.203421 
30.218046 
16.576584 
17.161450 
27.302488 
6.431954 
20.631598 
21.794990 
26.722297 
23.652336 
14.448915 
21.564660 
31.159133 
15.973072 
17.950712 
11.102962 
19.396810 
5.408547 
10.971474 
6.509102 
32.460050 
9.991896 
7.955165 
