12.140877 
7.578813 
16.328071 
65.033300 
34.801841 
19.372654 
10.285906 
19.323294 
29.700874 
9.739561 
35.161519 
16.253943 
21.897774 
60.495599 
7.099246 
13.267325 
8.075107 
7.641747 
37.243269 
2.108707 
8.127634 
35.539234 
11.799780 
13.824405 
17.282088 
7.088364 
39.173868 
28.312461 
22.105531 
11.913458 
19.388147 
11.116819 
43.120864 
15.125792 
12.632200 
12.207058 
25.240655 
18.971789 
15.979764 
12.038946 
2.113291 
4.483722 
21.847542 
32.933313 
37.622425 
14.194953 
5.967163 
34.932098 
40.032284 
15.394270 
7.819038 
7.495363 
13.545687 
10.607523 
29.668897 
9.941056 
8.990749 
31.224262 
3.188986 
14.361136 
26.099278 
11.308744 
16.034481 
3.253780 
7.221960 
15.919467 
27.536410 
11.514674 
11.281364 
11.922466 
12.551448 
15.986835 
7.073429 
8.109909 
12.225089 
11.687202 
19.857649 
23.279540 
7.606239 
7.057670 
10.671688 
44.728096 
2.964596 
7.088364 
8.562742 
20.860934 
14.784060 
13.680229 
30.425366 
8.257366 
11.373427 
21.199208 
8.021271 
37.800197 
16.469046 
13.048784 
8.941097 
27.108219 
35.016924 
10.656219 
18.624515 
14.872119 
17.587679 
7.499677 
10.870059 
15.032914 
10.346462 
8.686856 
22.990809 
23.662111 
6.818369 
15.595073 
26.355710 
11.369484 
20.160283 
13.370803 
14.099793 
7.266888 
2.297487 
7.084668 
41.895207 
8.237135 
20.187338 
15.722504 
11.202788 
47.896493 
33.518454 
19.215450 
11.374989 
15.881816 
7.088258 
34.744753 
1.865401 
7.184872 
7.815329 
15.802552 
20.096127 
35.949560 
39.492130 
11.342891 
23.912381 
17.404405 
3.163460 
28.437823 
7.392461 
10.847700 
7.088266 
10.921455 
35.894791 
9.767502 
23.044711 
7.292545 
11.911399 
12.192351 
18.772559 
2.506405 
24.445298 
24.679894 
11.905179 
17.492709 
12.471492 
3.005845 
14.919259 
65.033300 
7.596824 
7.089781 
38.649977 
26.355652 
7.339885 
5.931407 
16.022552 
14.304158 
14.205425 
36.309051 
10.564427 
12.457186 
4.552146 
17.838820 
13.383966 
36.587649 
5.678939 
7.176819 
7.130545 
2.950664 
36.885335 
5.933606 
7.196185 
10.707821 
25.267610 
13.793266 
15.186914 
7.088819 
2.611950 
15.456210 
8.578316 
7.130732 
7.234942 
13.996754 
26.786230 
15.912547 
2.479036 
14.277560 
35.260541 
31.971093 
7.901516 
7.909736 
6.372365 
20.653179 
11.991599 
30.379035 
17.967263 
8.919856 
9.990125 
18.477604 
7.088246 
35.680644 
13.747770 
9.557390 
26.053111 
25.888339 
18.782664 
12.714550 
15.269912 
16.208847 
19.825117 
9.104181 
27.980507 
9.148910 
65.033300 
41.062191 
22.770839 
14.926199 
27.845079 
38.364698 
18.335956 
10.346830 
9.438731 
11.004719 
16.395109 
10.197056 
27.553067 
34.076121 
13.532326 
35.762907 
22.889024 
23.496609 
16.028006 
13.889338 
31.289934 
13.740442 
23.082873 
27.864531 
34.905544 
12.265632 
11.980951 
12.102295 
13.372200 
9.484869 
5.414274 
26.949660 
4.895593 
9.688276 
57.306010 
