11.813877 
9.097648 
13.618887 
10.859838 
12.538758 
7.229852 
10.823176 
14.200770 
7.988205 
10.875046 
12.448740 
7.251740 
13.270135 
11.548041 
14.309810 
11.662978 
10.793681 
13.869776 
13.355689 
12.573845 
12.025069 
12.045718 
8.092731 
12.848106 
14.601239 
13.344879 
12.303470 
12.952348 
7.595703 
14.301817 
11.716607 
12.133986 
12.186122 
9.352672 
13.532041 
6.839068 
12.765731 
14.148742 
13.145541 
14.213541 
10.555542 
12.290339 
12.172784 
13.821305 
13.681415 
10.672458 
14.234759 
11.870899 
11.465311 
13.361104 
11.387166 
12.459786 
3.877501 
10.875326 
7.797855 
12.124754 
14.082628 
11.830871 
13.644948 
