42.089563 
34.076236 
37.441050 
28.421482 
15.771660 
25.796763 
32.901031 
36.639784 
23.091551 
40.259723 
16.510007 
15.749084 
39.731837 
32.669115 
22.644770 
36.584097 
29.099520 
18.552533 
41.228340 
23.008524 
39.301899 
34.120291 
25.280724 
29.355055 
34.235060 
40.490938 
32.274766 
36.569882 
12.323542 
34.316636 
22.457679 
35.676982 
12.983803 
35.529686 
25.717424 
22.372145 
17.982040 
8.514493 
14.094979 
35.868682 
9.076707 
28.377817 
35.329707 
40.566316 
25.252981 
34.180708 
36.479779 
41.504235 
35.529112 
35.758044 
17.699972 
28.560801 
3.861408 
11.822011 
33.028046 
38.967647 
36.357482 
40.471457 
16.279237 
20.624273 
