13.460545 
24.744710 
10.004408 
21.473450 
20.848601 
14.661808 
12.221708 
5.683511 
21.483880 
17.007361 
19.759105 
9.248026 
31.407763 
14.147210 
14.795162 
35.915949 
11.414715 
15.573344 
16.787395 
17.157549 
21.110538 
21.469650 
37.831969 
17.022918 
15.242833 
23.359053 
26.584534 
5.614943 
5.631755 
8.730097 
9.030301 
18.249327 
15.593659 
7.093497 
8.474639 
9.726686 
23.308494 
6.954034 
9.279173 
27.996695 
21.078044 
24.081714 
22.433399 
12.093228 
16.708714 
15.309766 
43.258578 
19.830992 
20.682389 
8.501623 
17.386748 
16.212646 
23.408760 
14.439257 
16.913869 
6.910910 
15.240059 
10.209422 
6.180161 
