11.938245 
9.429574 
14.165136 
10.630514 
12.451658 
8.443739 
10.540475 
11.037272 
9.682139 
11.273256 
13.758130 
8.246627 
13.080691 
10.707267 
11.777514 
13.424846 
7.463127 
11.919242 
13.021880 
11.633537 
12.103954 
12.421376 
10.373727 
9.158786 
12.496439 
12.276899 
11.797744 
12.429189 
6.079178 
10.293054 
10.286119 
11.767734 
11.374968 
9.612450 
11.145253 
7.380279 
12.100647 
14.212846 
10.313729 
13.604706 
10.395946 
12.407598 
9.414849 
13.645043 
13.289639 
11.104091 
12.847214 
11.780766 
12.297778 
12.607722 
12.573652 
12.573815 
8.345895 
9.321483 
8.292046 
12.291866 
11.811250 
11.453525 
12.182642 
11.167931 
