7.742988 
11.653924 
6.429191 
10.609822 
11.625969 
21.883353 
20.371593 
7.111263 
23.643201 
11.409423 
13.120908 
10.345805 
12.103049 
11.697966 
7.013462 
11.005862 
8.730914 
7.161416 
7.205070 
13.516033 
11.564864 
11.076119 
10.935627 
10.716679 
16.527301 
12.084683 
12.702742 
6.715648 
4.362970 
9.644601 
6.251464 
11.563573 
12.745117 
9.038509 
13.165766 
9.457488 
11.988898 
12.382427 
11.862226 
13.018743 
10.310966 
11.538944 
7.223092 
6.693491 
12.910550 
13.015727 
12.137835 
8.526675 
12.129943 
8.781994 
16.740883 
11.739307 
11.279260 
7.703500 
9.777587 
9.897763 
6.161261 
8.912299 
5.738191 
