38.942730 
24.158625 
35.600161 
30.283052 
14.790404 
25.029534 
18.328827 
34.971550 
22.293425 
23.665672 
13.978676 
10.514722 
39.654818 
25.517921 
14.155111 
35.465157 
12.690070 
16.516865 
35.024570 
22.917005 
40.233632 
17.691845 
29.365082 
24.025679 
31.162686 
38.385679 
18.486501 
32.913280 
12.361505 
24.396097 
10.816311 
35.184694 
9.850673 
30.610368 
18.543308 
16.492533 
12.604608 
6.025752 
9.246521 
31.774710 
5.592418 
28.694774 
31.791188 
40.326307 
20.437609 
23.724096 
39.055608 
42.777831 
16.063789 
29.137932 
12.503950 
18.623382 
2.517704 
15.382879 
20.485892 
26.209640 
34.207370 
29.558168 
9.794721 
