23.786708 
13.344336 
26.557127 
13.320555 
13.167674 
11.994702 
8.753979 
27.734119 
12.713307 
14.796826 
10.433864 
5.760623 
16.883933 
17.488652 
12.985730 
21.762703 
12.160827 
14.958085 
18.960410 
14.715192 
17.486798 
14.854537 
13.554686 
14.739197 
22.922637 
17.274469 
13.677508 
23.470630 
7.002905 
16.734166 
7.817869 
20.177411 
7.462894 
15.648046 
15.113517 
13.976718 
9.034073 
9.850699 
6.794100 
20.456008 
7.679821 
14.317185 
14.932937 
28.048584 
14.500734 
14.316805 
15.612429 
17.077481 
13.630044 
21.716117 
15.363745 
13.813845 
2.507441 
13.040829 
12.043273 
22.723023 
20.482827 
19.150222 
12.960322 
11.112537 
