14.142523 
30.082667 
10.863708 
21.159420 
19.120961 
11.106377 
6.506498 
3.464852 
6.983721 
18.744916 
27.306340 
5.714749 
0.155833 
11.241259 
26.759464 
19.240011 
14.391512 
9.164623 
19.510366 
22.008657 
19.198352 
19.790612 
31.474790 
23.788336 
23.066792 
17.905343 
30.828905 
10.480709 
6.082921 
15.648135 
6.757730 
13.529181 
28.051494 
6.494925 
6.851008 
26.576222 
30.915005 
4.767205 
11.080218 
28.351139 
29.125673 
7.406212 
22.829433 
9.500397 
27.062738 
29.014333 
25.872715 
20.019605 
26.331407 
13.523367 
14.164493 
24.815913 
12.132094 
19.407528 
22.980548 
3.404724 
21.587274 
5.023320 
4.347663 
28.793408 
