18.800027 
22.429835 
14.764885 
22.504085 
30.619004 
11.678199 
13.311698 
7.155177 
14.806955 
13.120879 
21.846176 
9.868408 
50.235994 
15.943781 
9.688419 
23.797170 
1.529924 
29.918975 
8.789409 
15.985043 
19.428485 
22.527715 
41.642124 
14.870521 
12.686207 
35.453667 
34.869385 
7.779336 
2.373917 
7.990984 
10.941536 
20.564976 
11.752271 
10.481453 
12.475804 
3.902623 
28.581810 
8.241411 
11.084915 
35.586232 
21.725651 
36.953105 
38.681794 
10.821458 
15.243495 
16.157285 
48.477878 
15.996366 
15.979764 
10.086188 
14.194953 
13.205842 
23.662111 
14.187544 
2.297487 
13.213618 
36.765627 
12.109439 
7.718649 
