40.268224 
21.928840 
34.401219 
29.379876 
16.862831 
22.456581 
16.853490 
35.412759 
21.628940 
24.547947 
10.383098 
12.559263 
35.200220 
29.221378 
12.843936 
31.441399 
10.410548 
16.799192 
43.796025 
21.131868 
42.822230 
16.776168 
22.466193 
22.587710 
29.396339 
39.194118 
15.537828 
32.492413 
16.510067 
27.348301 
13.384700 
33.035949 
8.508017 
33.120353 
19.367216 
17.723511 
9.898248 
6.813240 
9.870099 
29.026006 
5.412256 
24.237401 
31.162123 
40.418995 
19.034804 
19.187152 
35.329243 
44.051372 
16.010089 
29.173644 
14.058164 
17.407827 
2.523705 
13.794637 
22.809389 
28.901886 
33.671096 
33.959745 
10.484680 
11.526998 
