22.227095 
21.739533 
35.518116 
32.315456 
39.043266 
22.989164 
26.637876 
32.259470 
35.979589 
19.230180 
21.617842 
40.772589 
25.915461 
30.687238 
27.365303 
20.793742 
37.076560 
31.209262 
22.749493 
34.633127 
23.139559 
35.730478 
5.967836 
35.219502 
38.523990 
34.371766 
10.461095 
32.440266 
21.098896 
35.198027 
22.562400 
35.507337 
35.610828 
22.291441 
34.999450 
30.318211 
8.601303 
32.418167 
45.561747 
6.213824 
33.197725 
22.877404 
32.633544 
35.591028 
40.944389 
35.789727 
12.919358 
34.850481 
42.096236 
29.261343 
37.985420 
40.936404 
36.551966 
31.823981 
34.531704 
38.184397 
28.137455 
37.028751 
18.534782 
8.064129 
35.240942 
31.757338 
34.023476 
30.411685 
32.848559 
36.367167 
39.671874 
33.198428 
33.661336 
9.442660 
23.628545 
19.474706 
32.723153 
32.718296 
17.898913 
32.754278 
31.963866 
26.061112 
32.575668 
27.766090 
35.871056 
31.310508 
18.350848 
12.041390 
21.089709 
18.208046 
28.985573 
37.596445 
