12.932399 
15.016148 
13.555293 
12.993276 
11.358562 
12.827942 
12.580130 
16.262694 
12.704422 
7.185156 
8.945140 
12.324582 
12.751068 
12.264702 
13.696170 
7.624650 
11.320061 
11.117702 
12.262670 
12.566900 
11.506001 
11.131073 
5.222462 
12.572577 
11.955992 
12.632732 
6.432025 
12.580979 
7.610020 
12.998372 
8.665682 
11.224209 
7.230895 
12.181057 
12.452666 
12.115689 
13.301842 
11.499631 
13.216613 
7.885644 
10.456829 
12.527719 
12.783941 
7.987154 
11.267029 
11.088700 
11.325967 
9.615382 
6.614149 
9.180388 
13.215343 
14.000875 
12.469399 
12.550541 
12.703012 
11.132332 
13.680513 
7.754579 
14.227251 
10.491828 
13.446992 
11.527162 
14.074592 
10.555986 
12.508946 
13.171731 
10.292198 
9.624894 
12.020004 
11.581459 
11.470462 
8.052404 
12.271749 
11.442148 
13.905386 
12.882431 
11.788835 
11.589060 
12.744330 
12.804757 
17.715862 
10.841734 
7.293244 
12.510798 
12.561914 
8.848033 
7.055100 
12.535988 
