26.941022 
30.683977 
6.459569 
21.221581 
15.636986 
5.716457 
32.891766 
3.798770 
17.997382 
28.177926 
33.294713 
21.750275 
24.352733 
7.416833 
29.254709 
31.207067 
23.713487 
12.231429 
18.521880 
21.345407 
28.268011 
9.598938 
32.328454 
18.892927 
3.096481 
20.790219 
31.623513 
12.916409 
6.879806 
22.907605 
32.749659 
20.624459 
15.555244 
25.577881 
22.079677 
6.099142 
26.877781 
22.485129 
0.185991 
28.859715 
26.857196 
6.407962 
5.577461 
22.489074 
13.282057 
7.565002 
7.516777 
22.970984 
16.433718 
28.521199 
7.708221 
18.509328 
6.834560 
6.455404 
23.455687 
12.182381 
5.128510 
15.036846 
26.481569 
27.829227 
23.840576 
30.677161 
6.896896 
22.965601 
21.482821 
21.708605 
23.222040 
21.642983 
20.517929 
18.233495 
10.493734 
11.845080 
30.300227 
18.520952 
31.796437 
7.035129 
7.054101 
28.834970 
23.335711 
27.568408 
3.063156 
24.954289 
29.930120 
6.203373 
6.920259 
5.998418 
28.712878 
5.786189 
