37.838713 
12.613424 
16.236630 
12.759009 
15.004696 
19.993692 
14.656824 
8.234218 
7.240756 
45.988430 
15.050090 
36.796784 
23.047730 
18.369213 
25.192462 
27.995842 
20.717026 
12.102295 
22.662550 
15.605543 
16.100230 
10.442093 
51.169849 
35.832985 
26.943829 
12.316629 
14.296810 
19.528790 
11.500008 
15.417564 
38.377035 
22.480402 
10.494409 
19.969983 
34.053103 
8.882139 
34.860399 
14.674430 
65.033300 
31.289934 
14.655624 
7.826021 
11.314786 
28.471125 
4.488680 
15.402416 
30.663070 
16.906652 
10.626127 
17.955463 
16.090441 
2.220670 
16.544633 
17.996867 
11.729841 
9.328913 
7.708088 
21.047977 
7.397508 
35.756073 
13.361965 
15.479715 
7.567064 
17.883045 
14.670283 
16.935210 
65.033300 
32.094372 
28.951915 
32.441690 
29.636341 
10.512249 
18.738024 
9.612852 
18.554823 
19.789825 
11.217380 
8.124675 
35.407853 
13.049865 
21.134046 
8.521941 
37.188649 
36.695337 
13.690401 
23.167238 
37.656260 
9.045246 
