12.161353 
13.798909 
10.979590 
11.700784 
10.972872 
13.439875 
10.433503 
12.596966 
12.179887 
9.733277 
8.343729 
12.254986 
12.811048 
13.205875 
13.136985 
10.103174 
12.671700 
11.354760 
12.921489 
13.046323 
10.377437 
11.426694 
12.925401 
11.378893 
11.331499 
12.382200 
9.706604 
11.989644 
8.758953 
11.570285 
10.493320 
10.149516 
8.349131 
12.104858 
12.681899 
10.863629 
12.870330 
10.216892 
12.399227 
11.277175 
11.454033 
9.881064 
11.063086 
9.426186 
10.742522 
11.092242 
12.552880 
9.898806 
7.961508 
9.052623 
12.432511 
12.522310 
12.202095 
13.072509 
12.926319 
9.813946 
10.352881 
9.099897 
12.763247 
12.089748 
13.319557 
11.301679 
11.278588 
9.944798 
13.360704 
10.168183 
9.285329 
10.034813 
9.798800 
12.307526 
11.122321 
10.587105 
10.896686 
10.027895 
11.294720 
12.093221 
11.761795 
11.385978 
10.850290 
10.963017 
12.687656 
9.427495 
10.043897 
12.299599 
10.657189 
10.352672 
9.945954 
11.617356 
