16.468202 
8.873192 
30.734063 
24.066967 
30.897626 
25.236804 
19.939928 
22.612731 
24.639065 
17.498447 
14.316006 
41.446296 
27.086901 
17.826631 
11.347171 
21.002256 
39.063016 
13.126672 
14.296157 
15.998432 
12.242382 
26.121901 
6.803883 
31.999008 
34.407564 
16.428429 
5.310495 
30.953662 
15.800026 
21.936384 
19.345807 
30.513921 
27.779562 
19.898577 
23.616402 
29.773771 
6.529637 
23.763545 
35.797630 
5.541620 
21.617163 
26.323536 
29.380613 
24.523127 
39.083691 
36.870653 
13.436303 
29.427139 
38.875196 
18.948194 
35.768245 
35.518875 
34.562717 
20.635141 
26.978428 
34.310344 
24.306974 
28.406247 
14.155273 
7.345220 
30.458347 
14.860673 
25.401116 
31.702304 
23.507460 
30.341988 
37.478803 
22.491238 
17.572738 
7.507196 
18.203999 
10.221407 
21.180378 
23.629741 
16.251765 
31.568790 
23.632391 
22.669327 
30.769235 
14.228774 
25.320568 
29.977010 
17.626600 
16.843052 
19.129891 
19.207100 
35.055897 
37.707945 
