12.268698 
14.571366 
6.284377 
7.274351 
11.851316 
12.560502 
21.234399 
13.201649 
11.135969 
10.276508 
17.360296 
9.816569 
12.075650 
12.701817 
11.347663 
14.814463 
12.963279 
11.968136 
11.863316 
13.295129 
11.699673 
8.652822 
13.097304 
8.829866 
7.798989 
12.022475 
21.271976 
17.666193 
16.605975 
11.522308 
13.551107 
10.105635 
9.871466 
17.518376 
12.626731 
20.033087 
13.001204 
11.808608 
6.669711 
12.423465 
12.907122 
9.525442 
12.698341 
9.423046 
10.659690 
14.242341 
13.439648 
19.534407 
11.338481 
11.667286 
7.113728 
6.940743 
11.504368 
20.434619 
14.569157 
8.093711 
9.419732 
10.624924 
10.015204 
12.800178 
17.329502 
14.046378 
8.944027 
12.830363 
21.421255 
9.359998 
7.075380 
9.286670 
7.093440 
11.785510 
12.349526 
13.957595 
13.996970 
10.187342 
17.760046 
13.158606 
12.398815 
20.681751 
12.774246 
11.228772 
7.142379 
9.782977 
11.451317 
11.641497 
10.488283 
19.786918 
17.153964 
10.856973 
