25.948457 
16.209919 
10.004328 
16.879411 
16.930010 
14.930776 
24.791440 
6.911423 
7.021967 
32.540439 
22.218783 
27.588282 
20.344803 
15.560218 
22.711601 
29.937029 
24.398910 
11.102962 
18.809954 
18.264327 
20.759621 
10.307940 
38.461815 
21.450648 
8.222216 
19.112448 
24.926623 
19.632638 
9.952317 
18.030357 
35.517627 
18.601699 
10.251456 
23.141136 
25.042827 
6.500927 
23.380841 
16.961503 
39.479125 
27.302488 
20.203780 
5.738490 
7.096498 
24.435056 
12.070385 
16.975233 
21.844315 
22.209524 
12.308966 
20.333234 
15.298794 
12.044164 
16.053941 
18.044040 
14.274075 
7.715433 
5.938233 
13.941922 
7.166014 
26.997129 
15.237154 
16.001652 
6.753306 
20.120947 
20.571282 
18.856110 
58.080379 
20.194317 
16.357331 
23.036767 
35.888691 
13.393992 
22.474061 
8.836634 
28.778749 
20.269776 
7.119629 
15.758024 
24.865788 
18.114980 
15.955361 
14.676477 
33.383388 
21.504280 
8.485671 
13.183460 
36.065909 
6.752738 
