25.294335 
11.516201 
32.878132 
23.872458 
30.250921 
26.509083 
24.971011 
23.354920 
25.356025 
18.712575 
17.365141 
43.887781 
30.873613 
19.636846 
15.474223 
25.275835 
38.833873 
14.498897 
16.464880 
18.091569 
18.323292 
27.682826 
8.726273 
35.771135 
40.256295 
20.266541 
7.754976 
33.608414 
17.578441 
27.325102 
25.918777 
33.510346 
28.057070 
25.249300 
30.468342 
30.844723 
10.054320 
25.714156 
42.561119 
6.458107 
23.497970 
27.417067 
29.377318 
29.343489 
35.838170 
38.125800 
17.381636 
31.542402 
34.291522 
22.095305 
37.862301 
33.892244 
35.619617 
22.193553 
30.825036 
33.098456 
22.193406 
32.027477 
17.415797 
10.975147 
32.985793 
19.468143 
23.725563 
32.973247 
24.948070 
29.831827 
40.493998 
23.430937 
20.350579 
11.711143 
26.808340 
11.163748 
25.204576 
24.871858 
18.736646 
33.406665 
22.898389 
27.917590 
35.154819 
16.948463 
29.493204 
31.047394 
23.419296 
18.400564 
21.702006 
22.938145 
38.539120 
35.812920 
