12.329204 
8.720888 
18.797941 
12.787375 
18.523436 
14.857066 
13.024583 
19.449929 
23.968811 
12.683512 
9.531284 
15.861409 
14.102755 
15.519282 
14.338506 
11.493897 
18.857063 
16.347837 
13.365137 
16.052302 
10.943405 
21.979525 
4.066160 
16.639647 
17.630118 
13.679160 
5.656639 
20.722290 
9.758568 
14.011694 
12.848159 
16.669603 
14.184945 
14.640783 
13.794774 
21.429070 
6.308692 
14.389961 
14.805808 
5.951509 
15.511165 
15.271773 
21.109732 
13.181696 
25.681036 
22.843878 
10.451596 
17.221498 
22.426228 
12.858937 
19.392581 
23.462968 
23.155041 
20.647586 
19.297641 
23.599728 
16.245866 
14.548599 
10.846710 
7.216612 
24.297430 
13.525710 
20.872461 
16.700134 
20.927151 
13.437707 
13.516993 
14.050772 
14.102160 
10.452357 
14.879822 
9.895084 
14.719004 
15.257634 
13.933012 
16.861806 
19.054824 
15.468968 
13.545397 
12.923407 
18.479432 
15.742932 
11.122680 
13.371351 
13.119485 
11.883388 
13.233922 
26.760571 
