12.181057 
12.452666 
12.115689 
13.301842 
11.499631 
13.216613 
12.527719 
12.783941 
7.987154 
11.267029 
11.088700 
11.325967 
9.615382 
6.614149 
9.180388 
13.215343 
14.000875 
12.703012 
11.132332 
13.680513 
14.227251 
10.491828 
13.446992 
11.527162 
14.074592 
10.555986 
13.171731 
10.292198 
12.020004 
11.581459 
11.470462 
12.271749 
11.442148 
13.905386 
12.882431 
11.589060 
12.744330 
12.804757 
17.715862 
10.841734 
7.293244 
12.510798 
12.561914 
8.848033 
7.055100 
12.535988 
7.024761 
