22.291441 
34.999450 
30.318211 
8.601303 
32.418167 
45.561747 
22.877404 
32.633544 
35.591028 
40.944389 
35.789727 
12.919358 
34.850481 
42.096236 
29.261343 
37.985420 
40.936404 
34.531704 
38.184397 
28.137455 
18.534782 
8.064129 
35.240942 
31.757338 
34.023476 
30.411685 
36.367167 
39.671874 
33.661336 
9.442660 
23.628545 
32.723153 
32.718296 
17.898913 
32.754278 
26.061112 
32.575668 
27.766090 
35.871056 
31.310508 
18.350848 
12.041390 
21.089709 
18.208046 
28.985573 
37.596445 
