19.898577 
23.616402 
29.773771 
6.529637 
23.763545 
35.797630 
26.323536 
29.380613 
24.523127 
39.083691 
36.870653 
13.436303 
29.427139 
38.875196 
18.948194 
35.768245 
35.518875 
26.978428 
34.310344 
24.306974 
14.155273 
7.345220 
30.458347 
14.860673 
25.401116 
31.702304 
30.341988 
37.478803 
17.572738 
7.507196 
18.203999 
21.180378 
23.629741 
16.251765 
31.568790 
22.669327 
30.769235 
14.228774 
25.320568 
29.977010 
17.626600 
16.843052 
19.129891 
19.207100 
35.055897 
37.707945 
11.032500 
