14.640783 
13.794774 
21.429070 
6.308692 
14.389961 
14.805808 
15.271773 
21.109732 
13.181696 
25.681036 
22.843878 
10.451596 
17.221498 
22.426228 
12.858937 
19.392581 
23.462968 
19.297641 
23.599728 
16.245866 
10.846710 
7.216612 
24.297430 
13.525710 
20.872461 
16.700134 
13.437707 
13.516993 
14.102160 
10.452357 
14.879822 
14.719004 
15.257634 
13.933012 
16.861806 
15.468968 
13.545397 
12.923407 
18.479432 
15.742932 
11.122680 
13.371351 
13.119485 
11.883388 
13.233922 
26.760571 
8.324921 
