24.974877 
24.966354 
14.394484 
17.330916 
23.180709 
19.871522 
7.083565 
28.655635 
26.334859 
6.551519 
19.055784 
5.627055 
27.690197 
14.441712 
5.756981 
26.825590 
15.169182 
5.196643 
19.692336 
16.564658 
6.015904 
5.645540 
16.737200 
26.240759 
25.299567 
5.586368 
4.834240 
6.671479 
18.802641 
13.269058 
16.707498 
25.954827 
27.114454 
27.357920 
21.710035 
5.895521 
5.586065 
9.394457 
27.861234 
6.740480 
29.999873 
19.685906 
9.147554 
25.055595 
20.809248 
6.572662 
1.675767 
22.734386 
18.585517 
6.405729 
6.251235 
27.478077 
6.997289 
35.255407 
25.271729 
6.315454 
20.657790 
5.881961 
5.586479 
6.478033 
22.126903 
5.285952 
26.486686 
18.446702 
21.234533 
5.897767 
5.589884 
15.755607 
6.986169 
19.808644 
6.583643 
28.427985 
28.867229 
7.460910 
8.820907 
5.586065 
21.014257 
5.663205 
8.984366 
24.127488 
30.456550 
26.284494 
22.188359 
18.583476 
6.015860 
46.557093 
27.929152 
5.705914 
5.586068 
6.277816 
26.052605 
27.195781 
23.893717 
24.101896 
19.076622 
29.689219 
35.431491 
5.604160 
41.787654 
6.527597 
21.025981 
22.639529 
3.988746 
28.054050 
20.711968 
26.931303 
2.177203 
5.586096 
25.865542 
22.280831 
6.691064 
10.918489 
26.693575 
27.466845 
6.792528 
22.187544 
6.353469 
27.387608 
14.757735 
16.819453 
28.967458 
16.922505 
24.696470 
5.587550 
5.614054 
28.591679 
21.062419 
26.739272 
6.772433 
5.612135 
34.722036 
18.152429 
14.292060 
5.586080 
6.918172 
30.448031 
21.341224 
5.693786 
5.598801 
28.192881 
6.357531 
28.621898 
5.939209 
22.731990 
35.888245 
24.173088 
6.727037 
6.400172 
5.589365 
29.886803 
11.894910 
28.190368 
26.358664 
7.013166 
14.586713 
22.291951 
5.586066 
38.508619 
25.690370 
11.644613 
6.956345 
19.782935 
29.351804 
5.335905 
30.726958 
29.963758 
5.647302 
0.129013 
28.394322 
27.131114 
24.909088 
5.673318 
32.337539 
24.787734 
21.736652 
31.352420 
26.995813 
19.424829 
28.621219 
29.006471 
19.802031 
20.057557 
15.711668 
28.583548 
20.956394 
6.249451 
21.482673 
33.451497 
7.629231 
5.984321 
14.474854 
