14.552351 
7.429035 
7.530941 
11.055781 
7.318447 
4.035698 
6.809156 
4.670653 
2.135373 
8.028848 
11.006033 
7.430918 
6.755446 
11.049295 
3.454492 
9.451492 
11.319254 
12.709170 
14.099126 
12.662020 
17.066573 
6.481037 
11.958082 
13.884400 
9.049464 
2.361833 
13.398987 
8.774472 
5.882680 
11.284980 
12.383513 
12.553026 
13.734477 
8.530625 
7.889243 
6.763475 
2.228152 
10.504422 
9.367173 
5.304859 
15.239168 
12.769440 
12.875103 
7.008547 
12.655277 
8.869354 
12.657373 
11.660011 
10.533113 
17.450731 
8.478167 
9.634081 
5.851966 
6.231943 
13.025747 
9.009825 
7.969645 
3.285866 
1.720211 
9.022387 
12.211122 
11.684232 
4.594678 
11.783576 
7.753126 
9.258657 
7.839004 
6.418475 
9.480295 
12.631894 
6.519314 
9.878362 
10.591011 
6.953601 
11.061720 
2.226879 
10.926377 
6.206533 
7.700947 
4.109333 
3.015816 
13.556649 
9.329458 
16.079826 
3.138449 
6.152554 
7.594573 
3.894538 
2.239303 
3.143357 
12.674866 
8.145246 
12.047275 
9.935434 
11.139992 
6.232980 
6.001580 
0.000000 
2.267853 
7.137132 
9.602527 
11.900875 
12.448732 
2.780294 
13.471193 
4.838767 
13.361796 
2.255938 
12.059606 
5.753647 
10.159559 
9.415239 
14.463061 
8.045514 
6.791848 
7.694563 
8.078797 
12.456062 
9.238305 
15.144090 
14.617600 
12.248015 
7.739072 
2.310208 
5.431810 
6.341716 
12.622554 
8.846970 
12.437401 
11.232176 
4.103464 
13.664524 
8.074369 
2.246445 
6.338533 
10.389727 
9.396382 
12.495203 
3.045556 
11.581900 
6.363828 
14.150707 
7.334958 
10.155318 
4.243770 
13.304638 
9.103397 
9.475511 
2.374998 
13.792078 
12.862601 
8.826929 
13.567417 
4.255380 
11.827977 
12.029886 
2.227089 
2.601852 
13.521955 
6.464027 
4.496174 
13.076575 
16.738267 
15.579754 
9.688397 
7.626191 
9.210777 
13.869865 
13.161883 
12.622639 
11.176503 
7.988092 
3.664057 
13.031053 
9.856414 
7.231862 
2.614250 
13.311173 
12.752084 
7.061833 
12.951082 
10.779317 
12.592919 
13.866879 
11.610884 
5.473747 
12.490424 
3.800214 
11.803135 
9.229455 
17.984733 
