10.203067 
11.935816 
11.716433 
9.309562 
17.356749 
11.111606 
4.199474 
11.227711 
9.083867 
12.753139 
11.858046 
1.682591 
21.532981 
12.036851 
9.705646 
12.860129 
7.135101 
22.182827 
12.274531 
11.397657 
11.117727 
10.679896 
6.073924 
25.201599 
12.459306 
13.758780 
10.413178 
10.556149 
13.349797 
8.320673 
13.114315 
12.596127 
8.090441 
19.137356 
9.883311 
6.368832 
9.372340 
10.319432 
13.072982 
7.358494 
9.434711 
5.208440 
11.437596 
8.042780 
10.276927 
9.919345 
9.222323 
10.235928 
9.733574 
13.075900 
8.705508 
7.429571 
14.159733 
11.265871 
10.207490 
7.790425 
8.586458 
12.632386 
10.096123 
9.065877 
7.943184 
8.805276 
16.289295 
21.940737 
7.776988 
12.368368 
7.908452 
13.896898 
11.283631 
9.839945 
12.859147 
12.805074 
6.493048 
10.543859 
7.860886 
11.537065 
9.733335 
20.280915 
6.812788 
19.845437 
8.781347 
9.694605 
10.209551 
20.390573 
13.670535 
11.287715 
6.483057 
25.599995 
12.049229 
7.124243 
17.181039 
8.288881 
10.212879 
6.127501 
6.985083 
11.895998 
11.767105 
13.227290 
10.151979 
11.136620 
13.173753 
7.714963 
20.694609 
12.481462 
22.906608 
11.194935 
12.949874 
11.526909 
10.064432 
13.035693 
9.623970 
9.741132 
4.105447 
8.918020 
11.865062 
11.215389 
7.131542 
8.282735 
9.683784 
9.462348 
10.020244 
10.353127 
10.011983 
11.449690 
9.735006 
11.206338 
9.943966 
9.020474 
20.404533 
10.026733 
8.775804 
9.525312 
11.324426 
13.156730 
9.733335 
13.478172 
19.717832 
1.393064 
18.800245 
6.325865 
10.361164 
9.735740 
6.440751 
10.201664 
8.305676 
9.004123 
8.893753 
11.386073 
10.118481 
7.147670 
10.055591 
9.992745 
12.351797 
11.428893 
11.277967 
11.580978 
8.958291 
10.066464 
20.057263 
21.433664 
11.034990 
9.986356 
10.095648 
9.865467 
11.632682 
9.823281 
9.733335 
9.797668 
13.425271 
10.095668 
11.318368 
10.659610 
11.193706 
10.320636 
10.178980 
22.659792 
10.560590 
20.317352 
18.617139 
10.271604 
13.264499 
11.690347 
20.031564 
10.748882 
12.780092 
13.266256 
9.280182 
11.264726 
6.500767 
9.245089 
10.021624 
9.733335 
11.037233 
7.405761 
9.105716 
10.608157 
7.648343 
10.673766 
13.367481 
12.621956 
10.062419 
24.949147 
14.913313 
11.317955 
9.576018 
12.826355 
10.100736 
9.973399 
13.146388 
8.848327 
18.209787 
10.247921 
25.130602 
13.001310 
21.488206 
11.065430 
7.373155 
9.733341 
12.873391 
9.741004 
9.865475 
9.035089 
12.626535 
20.819123 
10.812201 
9.888524 
21.384400 
9.923121 
10.305278 
9.990303 
9.977316 
10.537075 
9.961806 
6.014713 
6.831253 
11.312266 
14.387964 
9.733335 
10.283994 
14.749475 
10.197550 
8.498046 
9.748510 
9.737639 
6.809203 
18.910719 
11.029247 
12.397180 
14.566800 
9.943122 
10.492578 
12.821501 
10.832817 
10.044951 
10.110363 
9.738191 
13.646443 
16.697890 
7.895201 
19.396786 
7.248723 
10.311657 
6.644700 
10.033235 
13.412460 
7.997704 
9.975175 
7.391112 
7.360420 
11.870842 
12.042175 
11.402752 
13.804756 
9.733335 
6.747750 
11.879598 
10.680470 
15.613011 
10.018391 
7.403360 
11.404390 
11.567768 
21.063374 
7.224193 
8.639633 
14.328704 
20.014984 
13.560227 
9.678213 
9.917355 
11.246463 
12.289444 
8.356310 
24.244342 
9.855604 
14.622092 
14.989859 
11.972020 
12.449583 
13.817455 
8.889827 
8.876076 
14.194322 
15.654745 
11.977495 
9.597937 
12.907525 
8.566583 
11.834933 
24.639714 
8.196927 
11.161699 
12.290042 
6.097017 
17.782628 
9.756929 
12.195912 
12.232379 
10.952746 
11.807801 
6.800224 
11.087779 
11.758653 
11.830819 
12.098843 
13.480921 
19.662261 
10.961939 
9.767909 
9.278010 
15.967537 
10.633100 
11.234364 
13.172990 
