14.279971 
11.776062 
5.545698 
11.873427 
11.672221 
9.857926 
8.518886 
14.472926 
12.696412 
10.903931 
19.547939 
2.231364 
5.642023 
21.708208 
13.698233 
15.102199 
20.738846 
12.535133 
4.426589 
9.879164 
2.508237 
19.957897 
20.619205 
10.585271 
12.614589 
15.626728 
4.789939 
11.406554 
14.193333 
1.691698 
6.339870 
10.431604 
14.294701 
7.436802 
4.851622 
20.080560 
11.520211 
18.937482 
5.921406 
14.526994 
5.633257 
7.382344 
12.952034 
14.955980 
6.455609 
27.436385 
16.775020 
12.585339 
2.380293 
13.625102 
12.372287 
5.026755 
13.427297 
14.857445 
12.404057 
31.732823 
25.341637 
30.632967 
7.645628 
15.353638 
5.022973 
12.006139 
14.762757 
13.257486 
27.638198 
21.748000 
16.428324 
17.794774 
9.817756 
11.539298 
10.975139 
13.286317 
17.547042 
3.900830 
17.421206 
5.312668 
0.669744 
12.739726 
16.782845 
5.719913 
12.651959 
7.311631 
14.550812 
13.916808 
17.828483 
11.615990 
18.409287 
8.657655 
7.611124 
15.253407 
13.079130 
17.764610 
11.176469 
20.428222 
16.887931 
9.927963 
19.137544 
31.230242 
22.401420 
13.206315 
15.804339 
16.995445 
11.497570 
12.440486 
5.949854 
4.109092 
15.889072 
12.827483 
16.913093 
8.703016 
2.780250 
1.884103 
4.487525 
13.778832 
20.048256 
13.173898 
21.375875 
20.825317 
7.212076 
4.268860 
19.033683 
13.678355 
6.600530 
13.304520 
4.189408 
6.706633 
9.909833 
13.118951 
6.730638 
14.080681 
12.092940 
4.334359 
11.217334 
19.221523 
1.299577 
12.286615 
19.132588 
2.064843 
12.732665 
24.184034 
9.148435 
2.558123 
7.575944 
3.400999 
14.450945 
15.791168 
13.246485 
10.626246 
21.773181 
19.504195 
35.650219 
4.308024 
19.130376 
16.823802 
11.230704 
17.998749 
4.674806 
13.206064 
12.519927 
16.406395 
6.619250 
12.113478 
7.980868 
8.023237 
14.234242 
3.341074 
1.991497 
3.683434 
12.931601 
13.743846 
17.633710 
11.392703 
14.383614 
11.936338 
12.762269 
5.468551 
4.369379 
4.515553 
15.868373 
3.066743 
18.214622 
3.636291 
18.277072 
12.346850 
13.810956 
19.118569 
2.641585 
14.713910 
5.066389 
11.884504 
15.203571 
1.477590 
21.103039 
14.667955 
8.150506 
9.958741 
17.706542 
11.478826 
11.051360 
11.115439 
8.120439 
9.559258 
11.231810 
6.594394 
11.327539 
18.056316 
3.066888 
5.682838 
13.685325 
15.147267 
11.643546 
6.150972 
19.628796 
11.276023 
8.840830 
14.663481 
10.142703 
0.794516 
13.255887 
3.244308 
16.574164 
5.746376 
16.410991 
12.845600 
11.784931 
4.359570 
5.269109 
16.682521 
3.528763 
11.204422 
23.570829 
14.995343 
16.497596 
13.888760 
22.454043 
5.888737 
12.924677 
1.551232 
5.783248 
11.983028 
12.906736 
10.096202 
3.857124 
1.860084 
4.592090 
12.011121 
6.091977 
19.551689 
14.608420 
4.400929 
12.475981 
2.673790 
13.159343 
6.623166 
12.154164 
2.874743 
15.271895 
10.981638 
16.525888 
13.229181 
10.814663 
12.167571 
14.351400 
4.589325 
17.399236 
13.860947 
11.970371 
21.689006 
20.633160 
14.555109 
12.628760 
5.749267 
6.038604 
1.989729 
26.412095 
21.973154 
2.794037 
9.293841 
13.870478 
17.121958 
4.747155 
12.417974 
2.153757 
16.792101 
17.570398 
18.942477 
12.690358 
8.109099 
15.211034 
8.474664 
5.666717 
12.043688 
14.394982 
7.445571 
12.543544 
3.634011 
12.603272 
13.256904 
5.432162 
22.692749 
12.699570 
12.415672 
17.480402 
13.486553 
22.457188 
3.303764 
21.451139 
13.819183 
7.037288 
36.821958 
13.927405 
13.120601 
13.113782 
17.623269 
7.689748 
2.789616 
11.908138 
15.042676 
11.744144 
16.128392 
11.295533 
9.061083 
13.565171 
20.846426 
14.352263 
9.938937 
22.569706 
22.312362 
3.861440 
13.759209 
5.327278 
40.853102 
11.731390 
