19.906341 
27.229779 
20.295500 
5.654826 
20.982106 
16.520063 
10.874542 
26.176253 
28.158921 
12.997287 
31.803742 
5.630728 
13.055206 
25.986299 
10.699796 
21.496645 
13.204916 
5.351438 
15.623556 
21.097555 
8.586220 
9.813185 
14.681608 
14.865495 
19.849160 
5.236982 
6.342606 
6.834690 
16.766763 
19.323890 
26.754465 
16.330754 
5.661485 
19.757767 
28.695998 
9.098674 
5.233330 
9.680553 
22.211241 
20.838289 
28.319670 
19.103792 
5.967703 
25.407127 
20.293921 
6.663658 
18.815658 
19.063921 
17.523670 
24.698315 
9.880993 
21.360694 
24.378819 
21.391345 
7.149687 
8.975002 
20.404964 
20.065404 
5.597540 
5.294822 
21.903284 
8.962055 
15.138800 
17.658672 
18.337158 
5.374373 
5.235556 
35.503963 
6.527871 
18.560457 
10.044195 
39.734033 
23.585120 
21.502288 
15.954624 
5.233330 
32.312482 
2.309856 
6.535885 
5.286022 
25.775797 
16.892363 
20.318063 
23.789959 
19.714528 
46.188216 
16.944460 
5.771005 
5.233345 
18.266183 
31.294981 
20.308421 
25.115410 
14.372627 
14.351706 
26.297240 
24.128771 
9.546477 
26.077725 
22.617590 
18.865109 
16.061653 
6.654152 
20.421255 
18.183488 
15.245838 
6.227576 
5.233449 
19.584545 
27.467857 
6.449908 
6.503279 
18.783394 
19.273294 
19.798041 
26.888791 
13.590899 
16.582289 
13.528132 
18.550560 
24.270576 
32.647866 
15.322426 
5.234909 
5.246826 
10.947539 
24.373143 
9.966573 
5.502471 
12.066179 
29.191364 
14.739511 
13.956770 
5.233417 
24.837156 
22.861609 
8.363797 
5.248660 
5.356758 
22.716604 
20.791456 
21.914998 
5.626105 
19.466672 
31.799392 
22.197457 
6.571678 
5.837315 
5.295726 
25.090642 
10.182152 
36.985999 
17.477681 
11.555199 
10.718380 
19.899250 
5.233338 
43.854835 
18.928840 
11.486587 
13.054713 
18.400168 
16.453550 
6.943287 
22.613829 
27.181530 
5.533338 
38.141950 
38.526873 
26.219052 
20.316067 
7.822946 
17.219681 
14.608725 
29.270346 
35.642520 
5.626839 
24.371790 
20.203421 
30.218046 
16.576584 
17.161450 
20.631598 
21.564660 
17.950712 
5.408547 
6.509102 
32.460050 
9.991896 
7.955165 
41.663012 
