12.839862 
12.197821 
10.288600 
10.187935 
9.702412 
9.292671 
7.090802 
10.618497 
8.809048 
12.518416 
12.284493 
3.853855 
9.481478 
12.765492 
11.679563 
12.499261 
11.753547 
8.612643 
10.038630 
8.359546 
3.623724 
10.869732 
11.335780 
8.460448 
12.500385 
9.700835 
8.121331 
8.365056 
12.222530 
3.330810 
7.636506 
10.498925 
9.263734 
9.639215 
12.785027 
13.723705 
10.146309 
12.580060 
13.348968 
10.920768 
8.003719 
9.362592 
12.240185 
10.320735 
11.756837 
12.874153 
10.214013 
9.999465 
3.367192 
12.443497 
10.185251 
5.667188 
12.655573 
11.844589 
10.440698 
12.406850 
12.158458 
12.662782 
10.009548 
10.903788 
5.700805 
8.078830 
11.309133 
12.625037 
12.079838 
13.459735 
12.392842 
12.753922 
8.011031 
12.161256 
12.780068 
9.243043 
12.432036 
9.184893 
11.537065 
9.446553 
2.971755 
9.722156 
11.508385 
10.820257 
10.703916 
7.620159 
10.634350 
12.153787 
12.575330 
12.752031 
11.379131 
8.471136 
12.257203 
10.249224 
9.683899 
11.794645 
8.481495 
13.014243 
12.691738 
10.890224 
11.916696 
11.705329 
12.521306 
10.372722 
14.758900 
10.123394 
9.969153 
12.273576 
10.148840 
7.439868 
13.406115 
10.526935 
11.516205 
11.610506 
4.438608 
9.518097 
4.026721 
10.802583 
12.696795 
12.480189 
12.166094 
11.772257 
6.927692 
5.038994 
12.218925 
10.284091 
6.721809 
9.965023 
3.497042 
11.924642 
10.115232 
12.955515 
8.201886 
10.592341 
11.493550 
7.989391 
10.059718 
10.785564 
2.964005 
12.384564 
10.948468 
5.586550 
12.749166 
13.627246 
8.199568 
3.925581 
9.013392 
7.026182 
9.715316 
12.767664 
9.192867 
8.306766 
10.242816 
11.789600 
12.458446 
6.891919 
13.400655 
11.733791 
9.655757 
10.819430 
5.563014 
12.387786 
11.995967 
9.987214 
7.529051 
13.062376 
8.203360 
6.889028 
9.842917 
6.809850 
2.987939 
3.951733 
13.752079 
8.632419 
12.707695 
8.181205 
10.532593 
12.195385 
10.688203 
13.255735 
6.365168 
7.737473 
12.835029 
10.261131 
11.732734 
11.582807 
11.034366 
9.919653 
12.804992 
12.446595 
3.424134 
11.947861 
4.840599 
12.940540 
12.867388 
3.041113 
12.365926 
12.181783 
12.399298 
10.470668 
9.351640 
9.663094 
7.776132 
11.673518 
7.897154 
12.390916 
13.197335 
7.234838 
8.473573 
13.432586 
5.725494 
11.700103 
13.650872 
12.081292 
9.861254 
12.799939 
11.102376 
12.529731 
13.267198 
12.646283 
7.544666 
3.333267 
12.230900 
3.818830 
12.082950 
6.978143 
12.521640 
9.721948 
8.672256 
4.761966 
21.435935 
12.224636 
8.088943 
9.797970 
13.440956 
10.272518 
12.526887 
7.375787 
12.245389 
10.960981 
12.730195 
2.972709 
7.567533 
11.450861 
9.750635 
8.684141 
3.567966 
3.072656 
5.998413 
12.882387 
8.484554 
13.262765 
13.764313 
4.695753 
10.282715 
12.482564 
12.147063 
9.609334 
10.029345 
3.439060 
12.848387 
12.174923 
12.079884 
12.183098 
11.299564 
12.101436 
13.002586 
7.037536 
13.653979 
9.675781 
8.978489 
11.705023 
12.004329 
10.744592 
12.573254 
8.587811 
13.832747 
2.962819 
12.322554 
10.309597 
9.727416 
10.110844 
13.485657 
10.506812 
7.392956 
15.078971 
10.337167 
11.933698 
14.272230 
12.648678 
10.646711 
9.087146 
12.445387 
9.631768 
8.979190 
13.588512 
12.722508 
9.566009 
12.249311 
13.057733 
10.028485 
10.676757 
12.577166 
12.685107 
10.944571 
11.225462 
10.940274 
13.369012 
12.383080 
5.024599 
13.539786 
11.459494 
7.658778 
7.621501 
12.454721 
8.495422 
11.897965 
9.709211 
12.104405 
3.567594 
12.032407 
10.284216 
11.040600 
11.029677 
8.959938 
12.090973 
11.193506 
13.460664 
12.466008 
12.778761 
12.312762 
12.242900 
5.055455 
12.210609 
9.080511 
12.217494 
9.930541 
11.664500 
