17.877590 
24.676886 
18.951659 
22.557844 
23.807607 
22.582519 
12.449521 
32.876962 
38.761991 
16.993448 
35.767046 
1.370517 
32.183584 
39.239259 
22.479404 
33.547577 
41.677186 
24.603963 
4.178421 
22.582882 
4.082866 
34.731503 
36.197765 
24.521161 
11.572943 
35.448976 
12.657395 
22.778295 
28.872023 
3.535657 
21.632951 
22.618498 
35.457218 
13.762752 
8.320538 
36.442621 
23.722905 
42.724397 
6.933610 
17.892287 
38.333364 
4.219478 
27.914319 
40.670509 
7.984328 
37.731911 
36.468937 
36.839322 
12.111326 
28.866810 
22.170913 
10.637762 
29.159189 
31.725726 
16.394899 
39.849030 
38.153342 
36.651360 
10.800222 
35.195462 
4.249626 
22.374776 
27.591630 
28.759082 
38.763113 
36.089205 
36.660116 
31.422389 
24.896770 
22.061464 
22.208536 
31.311138 
34.577850 
2.430992 
36.454634 
8.840633 
0.408427 
24.385897 
35.007616 
20.774857 
32.912875 
16.042181 
31.722595 
29.405268 
31.300338 
12.324220 
35.369122 
13.422263 
14.358891 
36.019232 
29.605072 
40.928318 
21.552440 
35.628310 
38.631159 
16.682367 
29.190396 
33.668267 
36.233564 
28.799549 
17.611406 
36.741767 
25.526165 
23.449881 
10.706200 
7.145854 
24.225724 
21.314768 
41.814064 
13.814092 
1.395257 
12.165442 
2.515161 
32.965121 
35.889365 
40.134075 
37.393217 
40.441140 
13.576198 
2.713994 
38.311645 
22.656795 
14.044375 
29.568571 
14.834677 
6.418251 
17.636609 
22.748345 
21.403404 
35.885631 
14.018227 
4.711377 
12.840882 
34.737848 
0.536609 
20.464850 
31.617030 
1.376876 
28.888237 
36.237680 
17.682784 
2.684632 
6.899508 
5.350668 
34.366250 
32.913143 
18.116345 
16.447758 
35.817759 
36.436396 
40.006015 
6.968941 
39.650858 
33.031448 
18.949524 
35.600599 
2.950628 
48.249191 
22.244884 
32.781385 
13.462441 
23.841060 
8.924463 
17.406586 
36.809689 
12.850234 
12.231573 
5.321486 
11.741719 
36.029627 
39.949149 
20.943716 
35.570158 
21.118574 
35.252555 
9.586321 
4.865937 
21.569687 
30.148447 
4.878032 
22.599106 
8.686175 
35.658967 
20.853855 
16.619534 
29.285456 
1.640223 
35.787667 
1.786920 
25.350084 
33.000117 
0.510436 
32.312161 
36.689540 
4.384612 
14.532750 
35.657440 
16.070594 
31.728992 
13.762868 
12.263706 
18.380450 
14.514379 
13.437352 
25.338960 
34.409988 
9.741283 
3.822072 
31.929989 
40.571767 
21.741968 
6.549454 
34.887852 
11.923639 
19.846505 
22.261702 
32.265766 
0.556501 
21.113512 
8.068416 
38.074032 
7.335670 
35.609486 
25.403580 
23.352694 
7.900235 
33.718842 
34.445683 
5.240144 
23.109708 
36.051235 
36.029420 
39.989136 
36.166862 
40.589561 
8.482573 
26.203781 
1.691746 
10.469431 
17.693445 
31.403183 
19.705345 
8.247521 
3.602428 
10.038999 
32.045671 
12.695589 
35.634599 
31.527472 
11.915823 
28.363109 
4.508119 
22.725696 
10.813081 
20.484966 
1.603089 
28.710433 
12.921863 
40.179921 
24.188841 
14.397663 
23.993770 
27.446483 
5.268630 
36.448498 
35.493287 
35.791276 
42.019790 
32.149119 
35.324358 
23.043739 
13.403828 
10.223522 
11.931393 
45.444010 
35.028474 
1.604205 
12.458251 
22.874100 
36.545137 
16.509013 
16.352476 
14.227955 
36.081487 
18.539724 
26.444944 
27.223852 
13.223390 
37.227716 
14.081260 
6.834531 
9.157597 
24.589283 
13.388926 
22.515383 
4.794851 
22.352767 
34.372547 
5.433730 
32.584716 
13.120427 
38.959767 
18.012063 
29.218157 
35.425478 
3.314928 
37.990988 
31.845124 
27.687489 
40.620375 
32.917848 
33.218661 
11.964168 
34.716061 
16.110544 
2.201693 
24.169418 
29.618183 
10.657627 
29.712983 
27.676166 
7.576658 
25.723165 
34.517192 
33.445378 
21.951303 
35.977861 
38.666219 
4.365994 
32.090188 
7.608454 
37.857915 
28.232838 
