4.515553 
16.410991 
12.043688 
14.394982 
5.432162 
17.480402 
9.061083 
22.569706 
40.853102 
11.731390 
4.892962 
3.837739 
4.371540 
2.892077 
12.755525 
3.552118 
11.307515 
2.443501 
1.507781 
10.479409 
14.757082 
17.852748 
6.988524 
29.229177 
15.054436 
13.958090 
11.497550 
5.665895 
12.865096 
35.068501 
13.946006 
5.852320 
16.697906 
4.645846 
10.616194 
5.094901 
19.166429 
16.230228 
12.360021 
12.663260 
10.112062 
7.269289 
9.989828 
2.576028 
12.323270 
12.978705 
14.546995 
10.624131 
14.279182 
13.245809 
12.748215 
17.882777 
13.086942 
22.399003 
16.867823 
11.572810 
14.580999 
9.570018 
19.532572 
7.420538 
12.619408 
14.724281 
7.479267 
12.182112 
18.877633 
10.885786 
12.816835 
5.390099 
1.588881 
7.005465 
11.263687 
6.646494 
8.768302 
12.364542 
3.907130 
6.727966 
13.696921 
17.040912 
4.666444 
2.028201 
8.196847 
12.267069 
6.741539 
5.670828 
2.110834 
9.766706 
5.407685 
11.424742 
18.022427 
17.251736 
5.642023 
12.585339 
13.286317 
19.033683 
6.730638 
9.148435 
3.636291 
18.277072 
12.906736 
15.271895 
10.981638 
4.589325 
16.792101 
12.690358 
13.113782 
