13.400655 
5.563014 
11.995967 
7.529051 
7.737473 
11.732734 
9.919653 
12.365926 
7.234838 
13.432586 
13.650872 
12.230900 
12.521640 
8.672256 
12.526887 
12.322554 
10.110844 
13.588512 
12.722508 
12.249311 
13.057733 
12.577166 
12.685107 
10.940274 
13.369012 
12.383080 
13.539786 
12.090973 
11.193506 
13.460664 
12.312762 
12.242900 
12.217494 
9.930541 
6.825384 
13.304196 
9.417999 
10.354817 
4.449605 
3.894971 
9.327936 
12.263299 
9.755675 
12.307467 
4.394218 
3.100868 
11.758159 
12.976944 
10.645479 
11.807540 
7.600723 
15.230576 
11.680467 
11.844962 
13.425674 
7.727014 
9.533592 
10.186726 
10.948209 
11.139484 
9.663524 
12.627562 
12.869392 
17.863231 
5.449567 
12.141956 
12.776923 
12.543920 
12.916306 
12.919756 
11.268301 
6.975258 
8.431998 
16.815383 
9.935297 
9.949938 
10.206771 
12.553741 
9.742012 
10.740729 
13.047890 
13.997898 
13.036440 
12.735165 
13.783150 
10.621140 
11.007652 
10.444819 
13.133079 
12.415586 
9.655168 
12.063417 
8.368058 
12.693103 
13.145705 
12.646450 
12.507094 
9.734045 
10.469162 
12.310483 
10.438915 
11.733993 
9.808935 
9.634051 
12.522234 
10.597746 
3.227655 
12.359172 
7.942781 
17.699068 
7.664840 
7.133552 
8.523452 
5.726340 
9.709401 
13.490329 
14.008971 
12.285577 
10.434317 
8.219941 
10.430600 
10.204363 
9.953955 
10.732319 
9.091163 
7.814735 
11.549395 
3.254449 
9.659431 
9.938304 
9.736781 
10.033771 
11.070069 
9.906958 
11.169034 
11.800159 
9.481478 
8.359546 
9.362592 
9.999465 
12.392842 
9.243043 
12.218925 
8.201886 
8.199568 
11.582807 
11.034366 
12.181783 
9.750635 
8.684141 
12.848387 
12.174923 
12.101436 
7.037536 
11.933698 
10.646711 
