12.947879 
6.176167 
9.287360 
6.723157 
0.000000 
12.625826 
7.804040 
12.323862 
6.259500 
13.231378 
12.468754 
12.952087 
12.622554 
8.538906 
12.468109 
12.771126 
9.661730 
13.869865 
13.161883 
11.405242 
3.761142 
11.176503 
12.465634 
7.988092 
12.611475 
12.285611 
13.634179 
12.592919 
10.806759 
12.536766 
11.610884 
12.954437 
11.803135 
9.229455 
4.682827 
9.883501 
8.214313 
7.574921 
7.954653 
2.408990 
7.896361 
11.510388 
2.916632 
10.436428 
2.485883 
3.329318 
9.003160 
12.996358 
12.148529 
15.222310 
6.431917 
11.793317 
11.937668 
10.749572 
13.390847 
4.375039 
3.598826 
8.183329 
11.109087 
10.195940 
7.079248 
12.719587 
17.863140 
18.239981 
4.421179 
12.060808 
13.748877 
9.020648 
12.822719 
12.763360 
5.329586 
7.871545 
7.715359 
17.652660 
8.214561 
9.512617 
6.784191 
14.107605 
9.503500 
10.385116 
17.601012 
14.050659 
13.026836 
12.767485 
14.321414 
7.021566 
13.187018 
8.972443 
14.393272 
13.052572 
6.886719 
11.062507 
7.601021 
13.168817 
12.484830 
13.758898 
12.682128 
8.116566 
8.255298 
11.260780 
12.106291 
10.653321 
7.172225 
8.736499 
7.059434 
11.023566 
18.261643 
14.854513 
6.506954 
18.017194 
6.946894 
7.467961 
7.297873 
3.003280 
7.196910 
12.982217 
13.183952 
5.058516 
10.738827 
6.155705 
8.852849 
8.718199 
9.241944 
8.066414 
6.811899 
6.346975 
8.670550 
9.096105 
9.575633 
7.853921 
9.867827 
8.133801 
7.814852 
8.881742 
9.847700 
13.540266 
6.809156 
7.219324 
12.426913 
9.049464 
12.180356 
8.530625 
11.783576 
6.519314 
7.700947 
7.137132 
9.602527 
13.496785 
9.396382 
10.258058 
13.792078 
12.862601 
10.686410 
4.255380 
13.076575 
9.688397 
