9.546477 
24.373143 
38.141950 
38.526873 
20.316067 
7.822946 
20.631598 
17.950712 
9.991896 
7.955165 
29.061290 
67.366700 
17.136894 
9.059214 
22.703051 
25.058061 
35.973023 
5.701815 
29.029168 
23.060660 
22.124336 
23.926341 
14.090863 
43.778252 
23.128561 
57.090624 
38.578402 
29.501644 
24.922354 
12.308520 
15.291631 
24.610127 
23.023257 
16.353464 
38.362743 
19.056263 
14.727738 
7.781472 
24.717435 
23.605320 
50.043182 
7.761452 
13.713524 
38.197448 
22.590568 
9.156041 
35.860662 
15.660699 
24.248932 
19.225915 
35.381459 
6.282235 
25.311691 
14.683126 
7.942077 
28.104514 
30.073221 
15.923996 
15.840792 
23.879086 
17.683659 
37.524097 
7.154170 
24.220775 
6.379260 
31.654454 
17.206592 
24.996144 
5.203764 
13.558069 
15.153110 
29.798367 
17.159409 
16.796704 
28.102655 
8.006507 
23.149200 
6.454315 
37.863135 
9.415125 
26.893003 
22.290408 
25.284749 
10.348947 
5.237483 
22.649512 
27.940504 
25.996572 
16.590496 
17.533741 
10.874542 
19.849160 
19.757767 
17.658672 
10.044195 
6.535885 
22.617590 
18.865109 
8.363797 
25.090642 
10.182152 
11.555199 
18.400168 
22.613829 
29.270346 
