12.685197 
44.546011 
10.490764 
22.607422 
4.819928 
16.433524 
6.608651 
30.590768 
31.442402 
19.097945 
9.065659 
5.913598 
3.374935 
4.264634 
37.168955 
6.101971 
13.356110 
3.044613 
0.653680 
12.579353 
28.149183 
27.617795 
10.061499 
41.261034 
25.466415 
24.018848 
14.037849 
7.801021 
19.224102 
36.725324 
11.242759 
10.943810 
39.194506 
8.651430 
15.327061 
5.301503 
25.219242 
26.438525 
10.718845 
23.928730 
12.572891 
11.348259 
10.901184 
2.879816 
21.391595 
20.811324 
15.795639 
11.190937 
17.374703 
12.291058 
17.456049 
27.132785 
17.974786 
22.580584 
26.438466 
19.312178 
23.728374 
13.965230 
29.692253 
9.801981 
13.357637 
20.276000 
10.046684 
15.841808 
30.653648 
12.641819 
29.676474 
6.016116 
3.741259 
11.350386 
13.431556 
9.042401 
16.651559 
16.644800 
3.204694 
12.768302 
14.420791 
34.543485 
2.596996 
6.605853 
10.454577 
15.764593 
6.763653 
10.689795 
6.118277 
11.918194 
6.363164 
10.674392 
22.112004 
29.167483 
10.262148 
24.313931 
20.438479 
30.431156 
13.087602 
16.548547 
4.097167 
26.444107 
19.772393 
17.506414 
10.941265 
3.823503 
29.645299 
13.433838 
11.187859 
