39.650858 
2.950628 
22.244884 
13.462441 
21.569687 
22.599106 
20.853855 
32.312161 
13.437352 
34.409988 
31.929989 
21.113512 
35.609486 
23.352694 
39.989136 
45.444010 
12.458251 
9.157597 
24.589283 
22.515383 
4.794851 
5.433730 
32.584716 
18.012063 
29.218157 
35.425478 
37.990988 
7.576658 
25.723165 
34.517192 
35.977861 
38.666219 
37.857915 
28.232838 
12.801080 
5.768765 
33.005195 
30.118269 
2.118984 
8.976406 
39.443549 
10.935786 
7.965288 
13.962935 
5.415853 
2.003855 
16.366814 
45.348182 
35.365917 
31.736547 
21.335052 
41.925308 
35.425395 
40.666459 
17.904521 
9.861404 
4.516308 
28.925535 
40.837882 
17.522133 
16.221715 
45.801948 
9.968511 
17.829558 
4.112336 
35.731531 
29.945663 
10.430336 
33.300072 
41.529190 
7.349538 
16.108053 
21.828687 
2.688875 
22.649642 
25.566560 
16.728947 
42.010341 
31.209840 
31.934321 
41.082248 
23.633706 
14.968276 
24.469656 
23.527730 
23.556995 
26.045066 
27.055788 
35.919934 
35.950304 
20.938255 
35.882052 
24.592398 
36.529385 
7.519227 
23.900530 
31.458899 
21.038778 
9.018961 
19.269239 
33.431579 
35.737910 
14.309679 
34.252541 
7.045436 
36.493912 
13.676418 
32.575642 
21.930118 
12.254180 
13.445282 
20.646993 
33.031796 
3.039285 
12.443616 
32.356308 
35.143443 
2.665722 
39.537236 
12.482237 
35.444041 
20.964075 
39.843425 
20.506598 
10.361226 
24.594316 
12.341553 
13.636270 
18.689089 
21.054280 
11.283899 
24.478786 
23.233132 
25.449057 
34.647591 
42.517332 
32.183584 
22.582882 
4.219478 
36.839322 
36.660116 
31.311138 
38.311645 
21.403404 
17.682784 
8.686175 
35.658967 
36.689540 
31.403183 
19.705345 
28.710433 
12.921863 
23.993770 
5.268630 
36.081487 
27.223852 
11.964168 
