20.317352 
12.626535 
12.289444 
8.356310 
12.449583 
14.194322 
11.087779 
19.662261 
10.633100 
11.234364 
23.163085 
12.695869 
1.663683 
9.840973 
10.610056 
10.062813 
16.685356 
9.788255 
9.893239 
12.909428 
8.408004 
13.285115 
11.322192 
11.661030 
11.391989 
8.724447 
13.368898 
10.395025 
13.696968 
8.529248 
11.049858 
10.579599 
9.832920 
12.222066 
12.322762 
9.697327 
11.888218 
12.376301 
12.149709 
9.956853 
10.033552 
6.948579 
11.088552 
12.927258 
10.691704 
11.044530 
12.981357 
12.400847 
21.390110 
13.159825 
20.221313 
19.529592 
12.933244 
5.867935 
7.174087 
23.862021 
12.172010 
13.005878 
8.672163 
12.700907 
12.126777 
13.262081 
11.478115 
13.079181 
9.866241 
13.277687 
9.441894 
17.481303 
9.849700 
11.407318 
13.612042 
23.957907 
9.670021 
11.352530 
9.807881 
10.361354 
13.796765 
15.429826 
10.599539 
9.933390 
17.818301 
16.699378 
14.278699 
11.777820 
9.734608 
14.237952 
13.593687 
14.340478 
21.119502 
8.021831 
21.532981 
10.235928 
12.805074 
10.020244 
20.404533 
10.361164 
11.690347 
20.031564 
10.197550 
13.646443 
16.697890 
10.033235 
7.224193 
20.014984 
12.290042 
