5.604160 
21.062419 
0.129013 
28.394322 
24.909088 
5.673318 
15.711668 
20.956394 
7.629231 
5.984321 
7.003069 
27.624563 
20.742858 
5.648240 
28.061688 
6.711173 
27.608676 
5.871416 
6.284447 
27.853533 
16.935245 
11.956891 
32.337473 
77.366700 
23.748550 
77.366700 
35.404896 
37.411719 
29.922257 
14.065270 
19.558334 
7.034145 
9.483570 
6.124606 
0.101042 
27.758398 
9.848610 
20.093585 
28.541286 
23.708095 
22.676391 
5.907887 
15.388462 
26.760234 
25.438787 
6.895436 
20.794713 
27.057715 
31.969548 
21.502933 
33.988989 
6.791273 
30.127701 
18.355198 
5.165773 
6.661014 
27.829164 
29.629538 
9.528916 
16.603945 
13.135920 
26.521999 
6.955239 
23.023967 
5.063046 
31.563424 
17.970789 
28.386690 
5.464075 
24.336430 
5.233590 
37.737886 
28.792495 
19.557865 
28.592554 
5.779477 
21.122813 
16.478336 
38.042918 
5.594318 
33.101407 
13.763414 
32.519149 
5.996486 
5.594854 
29.720118 
36.332756 
31.053577 
26.690579 
16.150085 
7.083565 
25.299567 
27.357920 
18.446702 
6.583643 
8.984366 
6.527597 
21.025981 
21.341224 
29.886803 
11.894910 
7.013166 
19.782935 
30.726958 
21.736652 
