10.616726 
36.928313 
14.807271 
27.097075 
5.359278 
16.039576 
6.917211 
31.118271 
28.893238 
17.557297 
9.248163 
8.326338 
3.855647 
5.234863 
22.047789 
6.910983 
19.520793 
4.024650 
0.367974 
13.117320 
25.820987 
25.116913 
10.598788 
40.901075 
24.222557 
24.769345 
16.506625 
8.371138 
19.788759 
31.682444 
12.015599 
10.709754 
35.297359 
8.860525 
15.807858 
5.381043 
23.378621 
24.186435 
12.760209 
20.579207 
12.171550 
7.492736 
12.259060 
3.734875 
18.120929 
16.729808 
18.405280 
11.908916 
18.021315 
12.833861 
18.623084 
22.564950 
18.927894 
20.396980 
21.947814 
17.519961 
23.868167 
14.556654 
25.663650 
9.883018 
13.938292 
23.323593 
10.023193 
15.651348 
26.754440 
13.971395 
24.708228 
7.456390 
3.768329 
12.745300 
12.439759 
10.116719 
15.722762 
16.862182 
3.668224 
11.911664 
14.786283 
27.291474 
3.602462 
7.148107 
12.439954 
15.767735 
8.135222 
12.594221 
6.831437 
12.388643 
8.280406 
12.349598 
22.990493 
22.501374 
13.069257 
20.495712 
20.464254 
26.518906 
13.046595 
13.965477 
6.029669 
25.151839 
17.575281 
19.254728 
11.059847 
4.777948 
26.089496 
14.695500 
11.981272 
