2.506405 
36.885335 
65.033300 
41.062191 
18.335956 
11.004719 
23.082873 
11.980951 
4.895593 
9.688276 
12.200458 
65.033300 
14.671996 
8.306428 
10.227143 
15.293657 
37.198902 
7.882713 
65.033300 
16.491483 
38.192697 
26.850119 
11.404242 
22.024018 
20.349824 
43.534041 
38.354471 
22.231218 
21.909423 
11.928805 
15.816374 
17.564089 
39.022351 
16.219096 
65.033300 
11.660778 
14.593913 
9.183326 
36.153362 
35.821353 
65.033300 
2.264892 
15.204537 
42.237748 
16.429741 
10.185122 
37.515436 
9.310394 
12.464073 
17.937114 
28.751361 
7.287807 
24.151502 
9.538259 
10.772764 
19.582784 
26.284260 
7.081505 
17.387158 
36.472234 
19.188549 
38.531426 
6.473750 
27.389105 
9.195547 
25.264849 
13.017041 
16.123986 
7.215172 
14.978988 
8.223156 
17.072171 
7.875265 
11.537696 
39.478976 
14.102804 
23.474217 
8.031395 
43.792783 
2.003690 
16.817390 
21.034065 
15.111948 
11.488458 
7.093222 
14.199076 
20.686405 
16.328071 
11.116819 
18.971789 
10.607523 
15.986835 
10.671688 
13.370803 
11.202788 
7.184872 
24.679894 
11.905179 
8.578316 
20.653179 
11.991599 
8.919856 
25.888339 
15.269912 
27.553067 
