4.439822 
9.490416 
5.313233 
12.218083 
10.560954 
13.837358 
9.741373 
13.925974 
3.551197 
3.790202 
4.719690 
11.240953 
4.672107 
9.861032 
4.205807 
13.592296 
3.664441 
14.118621 
13.495872 
10.749705 
12.440890 
23.862392 
5.545698 
11.873427 
2.231364 
2.508237 
11.406554 
4.851622 
14.526994 
7.645628 
7.311631 
14.550812 
1.884103 
12.286615 
19.132588 
14.450945 
1.991497 
15.203571 
2.874743 
2.794037 
5.666717 
13.927405 
14.844523 
13.942830 
4.379155 
7.742068 
4.435559 
9.686873 
13.191591 
6.604496 
20.220089 
12.761115 
2.796094 
2.786289 
1.961269 
12.128131 
16.225692 
15.923597 
10.972601 
7.295858 
6.933311 
10.397998 
8.444563 
5.090638 
6.989228 
16.703168 
4.153442 
14.731396 
4.552738 
13.226614 
26.109754 
4.064148 
23.529930 
6.692052 
14.851849 
5.644798 
3.493059 
17.423102 
5.739318 
8.021880 
8.540290 
13.382657 
14.835966 
15.220761 
4.154088 
2.051570 
16.477083 
7.638143 
12.888582 
1.665539 
1.488156 
6.278934 
26.008179 
8.620887 
2.316837 
14.188627 
18.829876 
8.083320 
3.998993 
8.463371 
4.794607 
4.877104 
4.011526 
11.921723 
3.737721 
14.418231 
4.317872 
22.919881 
15.404134 
11.833068 
1.025475 
4.559827 
12.716272 
3.584152 
16.132208 
21.615453 
3.748068 
7.393139 
4.002381 
13.023407 
4.556186 
12.895322 
6.239037 
6.483383 
5.013701 
11.270318 
11.021114 
5.773352 
11.789231 
15.701914 
14.194977 
4.542770 
15.101399 
7.480533 
6.749742 
12.341509 
13.990615 
12.769218 
6.819170 
16.250865 
33.515832 
5.235131 
11.097446 
4.418366 
15.474585 
8.784955 
6.028731 
3.624290 
12.154378 
14.754060 
35.644069 
10.820151 
13.769705 
10.693800 
12.699504 
12.350980 
4.593535 
13.317504 
11.074084 
6.560520 
14.680174 
11.247603 
8.117166 
3.845635 
15.031308 
12.186291 
20.080560 
6.455609 
11.497570 
12.092940 
4.334359 
3.683434 
12.762269 
2.641585 
8.150506 
14.663481 
