26.894692 
22.646474 
28.388267 
14.620230 
21.046061 
16.559410 
25.278909 
5.922437 
30.555532 
27.411735 
14.397420 
13.060145 
11.267837 
5.971648 
31.336212 
26.759734 
33.028215 
25.430529 
37.231601 
21.967062 
26.933593 
5.325774 
32.172187 
24.966354 
19.871522 
26.334859 
27.690197 
5.196643 
6.015904 
6.671479 
6.740480 
6.897015 
5.586479 
21.014257 
7.170467 
8.838068 
5.586068 
22.637537 
5.589365 
38.508619 
28.125086 
1.830830 
19.699591 
16.864987 
22.474193 
23.131887 
26.119485 
19.983916 
21.371034 
29.836104 
5.325146 
30.490407 
5.588284 
36.618404 
5.622668 
6.944926 
12.880787 
23.209313 
23.818406 
11.138950 
25.360555 
20.530352 
33.065099 
28.359442 
21.580289 
17.403511 
27.014605 
38.134128 
19.791597 
27.336589 
7.070062 
31.861313 
77.366700 
27.870903 
26.795415 
30.544372 
39.561805 
13.300147 
24.922141 
27.709349 
28.510811 
11.178318 
20.915888 
16.643838 
0.130089 
5.634130 
19.460850 
32.115053 
22.217417 
33.676393 
6.741551 
0.576577 
77.366700 
22.704121 
5.679986 
26.848889 
25.391591 
19.569819 
24.146787 
31.608867 
6.430382 
27.345202 
33.555043 
10.422258 
6.101963 
13.319744 
29.447936 
5.727256 
18.775156 
6.442190 
0.149457 
32.051198 
1.119457 
5.878985 
20.233535 
12.688897 
11.684915 
27.417021 
29.587876 
22.236261 
11.916508 
27.561826 
33.035753 
13.752994 
32.544050 
23.448310 
11.631377 
28.847602 
28.698930 
21.386506 
14.156334 
17.937112 
10.637095 
13.777188 
24.395977 
36.215198 
24.261626 
20.309032 
25.716417 
21.524916 
69.196279 
48.663177 
15.747055 
33.335139 
23.898677 
29.691844 
34.241636 
5.673460 
23.520187 
28.067381 
5.614446 
32.990646 
28.570071 
33.166180 
6.453775 
14.993162 
37.164271 
29.150292 
27.650451 
28.649302 
20.807337 
26.367406 
19.356437 
25.725762 
11.306333 
14.184308 
19.692336 
26.240759 
6.251235 
28.427985 
28.867229 
6.277816 
19.076622 
28.054050 
25.865542 
16.922505 
