5.880503 
10.679550 
9.477840 
17.503051 
9.990181 
20.589415 
15.583033 
6.004886 
4.396271 
13.950886 
5.066140 
10.688840 
5.224233 
3.545757 
14.904999 
10.357434 
9.954200 
17.127244 
2.014999 
2.360886 
11.848274 
5.969854 
12.767515 
9.791281 
10.754247 
3.990356 
15.326418 
1.754924 
3.159627 
2.539812 
8.904579 
3.625448 
10.049179 
3.735727 
11.347499 
9.147748 
8.062444 
2.616867 
1.888460 
3.848643 
13.166203 
19.698735 
12.577909 
10.818950 
8.829216 
5.262432 
5.938858 
8.894463 
4.136852 
6.692671 
20.220390 
3.039343 
29.128905 
3.884516 
14.137654 
4.871243 
30.282879 
8.232771 
6.902881 
4.878710 
17.802756 
3.629167 
9.771205 
13.677386 
22.042073 
3.508810 
1.719237 
16.635221 
10.926665 
11.863241 
1.606305 
1.469938 
4.071703 
36.571109 
8.014828 
2.291740 
12.391403 
13.899353 
6.209641 
4.894329 
6.822022 
5.347262 
5.934593 
3.462409 
13.169990 
3.689310 
23.624977 
11.526309 
1.192331 
5.606085 
4.289036 
15.682935 
8.153358 
6.360796 
3.110508 
13.732064 
6.591877 
6.677866 
4.573784 
10.729351 
8.482208 
6.351897 
12.378590 
13.849053 
12.063636 
4.406052 
11.789520 
10.738635 
13.885567 
14.518378 
6.684466 
17.146231 
22.510302 
3.762944 
7.757935 
7.145221 
19.834096 
9.981576 
6.579648 
3.083035 
11.078482 
19.919327 
22.259721 
10.285724 
12.411986 
17.600933 
12.644766 
7.987330 
14.793120 
10.285819 
15.027544 
12.729252 
8.440033 
3.135065 
17.458451 
6.236550 
20.077415 
6.075287 
12.528683 
13.655526 
4.425096 
4.468268 
12.667503 
2.249739 
4.314986 
14.027855 
0.781564 
