14.115043 
17.703936 
16.025443 
23.926492 
13.038327 
10.387826 
22.374542 
11.704797 
9.691720 
19.599813 
7.619222 
9.582594 
15.057909 
12.026585 
12.083388 
17.411141 
12.095339 
9.309562 
1.682591 
11.117727 
10.556149 
9.883311 
7.358494 
10.096123 
9.694605 
9.741132 
13.478172 
9.733335 
9.738191 
10.680470 
8.343636 
7.428593 
13.440199 
12.455121 
11.372481 
15.910455 
12.959498 
9.733417 
9.495828 
9.737013 
21.168706 
13.191240 
12.878916 
15.954103 
11.518716 
12.322473 
10.884869 
13.423393 
5.944560 
11.088286 
10.248050 
4.668704 
11.525374 
5.817948 
12.693932 
13.039860 
6.193342 
17.974327 
9.881925 
13.634193 
10.715370 
6.291851 
12.597172 
12.247905 
8.953925 
6.439332 
9.733992 
11.834479 
22.033773 
12.254583 
9.073509 
10.317277 
10.828545 
8.428503 
10.277550 
9.735893 
11.528031 
13.100259 
12.650958 
16.486414 
13.465974 
10.235210 
11.513067 
10.407174 
6.616331 
12.607926 
11.161316 
13.774379 
6.040198 
21.205538 
9.735024 
11.590972 
12.807880 
10.121491 
10.259200 
10.168726 
12.396410 
11.452812 
13.635401 
13.543955 
12.760786 
13.868331 
15.439026 
8.568567 
12.369779 
11.990944 
10.886178 
11.438892 
11.876079 
12.636804 
12.299204 
8.375517 
8.631593 
12.569684 
10.752106 
23.036090 
20.571123 
12.850198 
16.498099 
20.943105 
13.044943 
12.087523 
24.784655 
13.285940 
12.929681 
10.215520 
11.450069 
13.559227 
16.013312 
14.545972 
9.843406 
26.769674 
11.384101 
9.814983 
9.727026 
10.893937 
6.368832 
10.276927 
20.694609 
8.775804 
9.525312 
9.797668 
10.178980 
9.280182 
9.105716 
11.065430 
9.733335 
