23.282925 
24.468246 
12.930064 
36.618440 
18.418178 
22.383582 
11.871667 
24.846242 
11.974532 
15.635878 
13.416886 
24.522448 
24.673181 
24.602026 
37.243269 
13.824405 
39.173868 
40.032284 
13.545687 
9.941056 
14.361136 
7.221960 
11.514674 
12.225089 
14.784060 
8.686856 
34.744753 
7.088266 
6.372365 
35.680644 
35.151760 
35.673937 
42.676588 
35.346287 
38.782655 
13.621375 
35.523003 
7.088563 
26.424091 
7.100262 
10.526050 
37.893835 
35.842444 
27.935292 
26.225403 
35.779697 
36.251584 
15.835917 
15.089616 
14.817080 
21.988330 
11.501109 
45.724793 
5.879141 
25.536124 
31.899136 
19.424142 
19.793275 
15.107820 
39.146746 
1.024200 
18.803154 
41.149301 
18.322591 
44.455011 
12.933860 
7.306706 
8.029606 
27.508930 
14.816366 
15.328241 
65.033300 
36.745411 
42.413430 
7.607177 
11.878757 
12.335301 
7.323710 
35.174726 
19.879597 
36.563807 
23.976704 
13.668349 
45.324967 
15.449340 
65.033300 
11.822525 
22.841770 
65.033300 
11.355123 
6.493747 
11.625300 
14.861913 
24.286402 
30.344779 
8.587548 
46.597240 
2.626175 
19.592241 
27.378526 
35.582922 
16.954716 
35.636538 
28.869216 
14.506225 
19.567958 
10.811356 
25.427733 
39.013034 
23.209022 
8.159946 
36.308988 
10.463525 
57.291278 
38.456075 
16.436170 
11.269199 
27.007593 
28.754607 
25.720311 
44.562274 
31.319621 
9.454599 
21.676664 
21.319980 
2.530757 
9.088172 
28.577047 
13.596607 
10.667632 
17.565959 
7.611782 
30.456078 
7.385267 
16.104713 
17.282088 
15.919467 
12.551448 
10.656219 
47.896493 
33.518454 
10.921455 
11.911399 
3.005845 
38.649977 
36.587649 
7.088819 
