8.286573 
8.413241 
5.425463 
10.394535 
14.600464 
10.143481 
6.765094 
2.743981 
4.276009 
7.315023 
6.449392 
7.247959 
4.951817 
3.649560 
11.718478 
13.273218 
11.703586 
7.429035 
4.035698 
2.135373 
6.755446 
12.709170 
17.066573 
8.774472 
5.304859 
1.720211 
10.926377 
2.239303 
2.374998 
2.601852 
14.030702 
11.145376 
6.583687 
6.758333 
14.122450 
6.830083 
15.605828 
2.386924 
4.528955 
3.686714 
7.702228 
14.248192 
14.936999 
13.989322 
6.693021 
14.468491 
16.184438 
7.240505 
11.792789 
7.273249 
13.094072 
5.261373 
12.303746 
6.975773 
12.875905 
4.989334 
13.924970 
7.252635 
2.974647 
3.594263 
11.593728 
5.577068 
12.511422 
14.917948 
11.885967 
13.302147 
2.200541 
13.050600 
6.388846 
13.332466 
2.771970 
3.829840 
16.340134 
11.833506 
13.046839 
2.689313 
13.843830 
14.406568 
13.812586 
3.595927 
5.565517 
5.721836 
9.285368 
4.715356 
12.905417 
4.013569 
11.055633 
13.022057 
5.039345 
4.949657 
2.560535 
11.756461 
6.674063 
4.023562 
9.228338 
13.268670 
6.465857 
10.867800 
2.416994 
10.770603 
12.853291 
10.077601 
11.243247 
15.003812 
14.319442 
9.575685 
11.478950 
7.044899 
12.251678 
5.239395 
12.920287 
13.009771 
11.815009 
3.374786 
12.944663 
7.067402 
8.294744 
13.789818 
7.523184 
3.201020 
10.452469 
10.194431 
6.422835 
8.740963 
11.681459 
7.067488 
6.666750 
5.712786 
7.449427 
13.171894 
11.599730 
13.279695 
5.103870 
9.498158 
12.457084 
11.459053 
14.099126 
13.884400 
8.478167 
9.878362 
10.591011 
3.143357 
11.139992 
2.780294 
12.059606 
12.248015 
2.246445 
