13.582007 
10.072923 
6.950270 
12.240641 
13.891187 
10.807810 
8.805808 
11.308942 
10.215997 
6.989499 
11.091441 
9.499195 
6.557045 
10.063445 
11.092803 
12.589449 
5.089747 
11.652642 
12.027906 
12.997043 
12.500820 
12.550782 
10.288600 
10.187935 
3.853855 
3.623724 
8.365056 
12.785027 
10.920768 
10.009548 
7.620159 
10.634350 
9.518097 
12.384564 
10.948468 
9.715316 
2.987939 
12.867388 
3.439060 
9.727416 
8.979190 
12.454721 
11.664500 
13.752594 
10.892761 
12.648272 
12.696766 
7.419526 
12.576958 
7.622218 
13.743034 
13.473204 
3.339681 
7.351778 
3.294405 
9.613530 
13.855165 
13.921032 
14.340250 
11.071528 
13.118697 
13.492354 
9.227942 
6.808195 
8.695382 
12.903846 
6.569504 
12.247734 
5.434578 
12.877461 
11.099648 
12.358256 
13.272271 
12.287223 
12.793402 
6.920476 
9.269011 
11.390746 
6.226246 
11.727309 
8.774312 
12.019814 
13.174723 
12.149373 
11.652416 
2.881734 
11.334933 
9.796026 
12.211651 
3.126444 
12.751981 
15.354182 
12.616291 
9.728367 
3.794848 
12.898070 
13.506873 
13.356270 
12.618791 
13.236273 
7.623319 
10.508421 
10.379890 
9.280106 
7.773683 
12.240011 
13.012152 
10.980344 
13.507533 
12.552195 
4.516622 
8.353370 
12.387683 
3.998213 
12.067954 
11.850445 
15.485848 
8.281922 
7.923182 
12.362956 
11.297180 
12.994439 
9.370462 
11.699868 
10.545172 
12.514194 
12.607541 
11.635146 
10.736176 
12.690602 
13.305659 
12.133385 
10.688210 
9.748279 
12.296803 
9.489442 
12.758977 
11.321245 
13.134189 
12.823250 
12.482762 
10.067492 
12.474999 
9.748888 
11.017510 
12.496231 
11.597731 
3.387339 
13.239494 
10.530656 
7.522157 
9.997842 
12.056452 
13.843135 
8.318986 
8.007719 
10.272725 
8.743478 
7.875112 
12.300923 
11.157963 
12.713716 
11.199771 
5.249130 
11.849366 
11.811630 
13.723705 
11.756837 
9.969153 
11.493550 
7.989391 
3.951733 
10.688203 
3.424134 
12.399298 
12.646283 
