4.891431 
10.454371 
8.841071 
15.647061 
9.018718 
22.459136 
15.747402 
4.601106 
3.559093 
13.412705 
4.758024 
12.333499 
4.791070 
3.139399 
14.335557 
8.779084 
9.286955 
19.308416 
2.024215 
2.635095 
11.355283 
6.089050 
17.269016 
10.072748 
12.504979 
3.800205 
14.317172 
1.778179 
2.475980 
2.362329 
7.895264 
3.247295 
7.739819 
3.450677 
10.069559 
8.805277 
6.379355 
2.888061 
1.922856 
3.954156 
14.451772 
17.892010 
11.384682 
8.785170 
7.413609 
5.400815 
5.439910 
8.133747 
3.589144 
5.824722 
25.054850 
2.625570 
21.862972 
3.812749 
12.720659 
4.103290 
37.202754 
6.859042 
6.284740 
4.071961 
16.255874 
3.253710 
8.549433 
13.334944 
24.155172 
3.066725 
1.696695 
22.761433 
10.337130 
12.670670 
1.418171 
1.062889 
3.743349 
40.537768 
8.402732 
1.961274 
11.389799 
16.164850 
6.092844 
4.147219 
5.636942 
4.695450 
4.666470 
2.567847 
13.816728 
3.404076 
28.246288 
12.352943 
1.024941 
5.486494 
3.779182 
16.148371 
7.317497 
5.237197 
2.952607 
13.890687 
6.160736 
4.896408 
4.025405 
9.611097 
7.123121 
5.954364 
12.224491 
12.951898 
11.376917 
3.874046 
13.143888 
10.360099 
13.062883 
15.631610 
6.208146 
18.021351 
29.514402 
3.032536 
7.003848 
5.960320 
21.902499 
7.645855 
5.871449 
0.782055 
8.790383 
20.821355 
24.029075 
10.561247 
11.422795 
31.462691 
12.759936 
5.884147 
14.814589 
9.937762 
19.130695 
12.663885 
7.252842 
2.959383 
19.878762 
6.308756 
22.764283 
5.715244 
12.817029 
12.847775 
4.020714 
3.836172 
13.268142 
2.311456 
4.187263 
14.586516 
0.761278 
