29.584763 
26.319475 
13.835510 
34.340530 
16.267028 
20.857730 
25.077741 
30.808284 
20.826855 
13.483527 
10.135748 
12.902264 
33.722126 
29.565178 
38.782015 
19.824565 
35.716456 
27.229779 
16.520063 
28.158921 
13.055206 
5.351438 
8.586220 
6.834690 
20.838289 
5.597540 
32.312482 
5.233345 
5.295726 
43.854835 
19.114040 
25.936205 
43.627244 
28.077092 
30.409309 
22.373856 
34.363462 
5.233743 
24.889066 
5.268707 
16.997923 
37.463971 
26.377461 
28.522460 
32.094877 
19.408672 
21.987200 
24.990511 
16.595050 
21.290448 
18.780297 
16.460029 
49.493129 
12.021912 
26.057887 
35.326345 
17.847913 
26.437285 
27.779984 
38.870007 
13.259407 
15.340215 
37.803852 
17.312354 
37.920264 
14.477850 
5.320947 
7.467649 
33.104164 
16.737403 
24.525476 
39.658911 
18.126083 
42.474621 
6.116537 
5.374508 
16.887349 
7.734323 
19.508967 
22.982129 
43.167575 
11.289362 
18.910335 
35.495231 
13.331704 
67.366700 
7.477523 
18.729780 
14.428208 
13.976787 
5.512254 
11.154093 
24.441606 
24.198321 
19.601858 
15.726205 
35.145666 
11.586461 
27.456607 
25.407548 
34.895389 
21.267741 
34.461235 
19.607112 
15.154361 
20.258823 
10.207911 
27.375746 
33.053103 
34.077734 
15.257615 
27.282091 
12.841914 
49.223402 
26.336542 
28.368849 
19.624518 
24.567156 
34.193022 
12.547427 
42.662152 
23.907064 
9.824749 
25.654203 
26.191493 
9.308598 
11.310231 
35.760866 
15.301908 
12.474247 
19.624411 
17.074839 
39.566152 
5.778925 
15.908004 
15.335395 
15.623556 
14.865495 
9.880993 
39.734033 
23.585120 
18.266183 
14.351706 
20.421255 
19.584545 
32.647866 
5.233417 
