1.262295 
13.909836 
10.172131 
13.86666667 
25.1 
10.770492 
11.557377 
4.278689 
9.590164 
5.57377 
19.8 
7.196721 
3.196721 
7.909836 
8.581967 
19.5 
14.76666667 
6.131148 
0.770492 
4.163934 
12.5 
3.377049 
10.63333333 
16.66666667 
5.366666667 
1.229508 
12.96666667 
4.147541 
4.933333333 
1.266666667 
16.237705 
7.467213 
5.933333333 
0.933333333 
4.166666667 
15.778689 
3.778689 
7.6 
0.409836 
0.833333333 
6.233333333 
27.3 
44.032787 
5.566666667 
17.04918 
9.433333333 
1.639344 
12.3 
1.833333333 
6.8 
20.147541 
2.333333333 
3.633333333 
2.333333333 
14.63333333 
5.098361 
40.254098 
23 
2.666666667 
2.433333333 
29.26666667 
1.133333333 
10.581967 
3.4 
40.9 
2.366666667 
3 
17.13333333 
4.933333333 
6.2 
0.566666667 
0.8 
3.566666667 
13.06666667 
1.666666667 
2.3 
2.533333333 
11.7 
15.96666667 
4.333333333 
7.766666667 
1.933333333 
6.9 
0.639344 
14.93333333 
1.5 
29.04918 
14.9 
1.033333333 
10.303279 
2.433333333 
21.13333333 
9.666666667 
2 
2.433333333 
12.06666667 
2.666666667 
0.491803 
4.666666667 
4.933333333 
7.533333333 
3.733333333 
4.033333333 
9.066666667 
3 
3.1 
3.333333333 
17.03333333 
10.836066 
22.06666667 
2.166666667 
5.52459 
21.2 
38 
8.166666667 
6.3 
18.040984 
11.36666667 
10.3 
5.9 
5.233333333 
41.9 
39.93333333 
31 
16 
15.7 
40.53333333 
13.23333333 
14.204918 
3.666666667 
10.721311 
7.966666667 
33.36666667 
3.766666667 
13.16666667 
9.54918 
13.63333333 
2.967213 
2.508197 
7.166666667 
2.966666667 
2.245902 
7.098361 
0.590164 
0.52459 
6.6 
0.327869 
