42.724397 
38.333364 
27.914319 
40.670509 
37.731911 
36.468937 
12.111326 
28.866810 
22.170913 
10.637762 
29.159189 
31.725726 
16.394899 
39.849030 
38.153342 
22.374776 
27.591630 
28.759082 
38.763113 
24.896770 
22.208536 
2.430992 
36.454634 
24.385897 
20.774857 
29.405268 
31.300338 
40.928318 
21.552440 
16.682367 
29.190396 
28.799549 
36.741767 
1.395257 
32.965121 
14.044375 
14.834677 
34.737848 
18.116345 
16.447758 
18.949524 
35.600599 
17.406586 
12.850234 
36.029627 
20.943716 
35.570158 
35.787667 
0.510436 
14.532750 
35.657440 
31.728992 
25.338960 
40.571767 
21.741968 
19.846505 
0.556501 
8.068416 
34.445683 
23.109708 
36.029420 
8.247521 
10.038999 
12.695589 
35.634599 
11.915823 
10.813081 
40.179921 
35.493287 
35.791276 
42.019790 
32.149119 
35.324358 
13.403828 
11.931393 
35.028474 
16.509013 
18.539724 
13.223390 
14.081260 
22.352767 
34.372547 
13.120427 
38.959767 
31.845124 
27.687489 
40.620375 
33.218661 
34.716061 
24.169418 
29.618183 
29.712983 
8.234152 
16.383775 
36.000722 
44.132439 
17.502539 
23.463359 
16.726100 
36.136978 
17.686628 
11.071477 
10.346588 
10.817716 
17.174788 
22.191155 
26.666622 
32.139407 
8.290612 
19.858275 
29.009116 
7.586938 
17.285081 
10.823410 
16.877155 
37.208233 
9.216809 
8.506610 
21.698618 
2.887578 
28.827396 
16.791198 
14.022327 
31.659085 
26.487374 
10.590396 
33.710553 
36.130651 
10.482113 
23.747161 
4.056176 
10.017296 
19.304761 
16.087850 
11.887453 
4.950603 
14.918852 
13.629579 
30.651499 
7.912485 
34.685144 
25.113804 
5.106670 
40.051586 
12.452450 
13.040449 
28.675086 
17.173943 
40.907294 
8.753529 
22.506165 
27.942986 
39.515471 
23.151939 
8.129628 
17.097256 
6.454780 
4.705447 
8.194369 
23.909888 
25.836314 
9.794679 
12.571836 
21.944611 
17.178195 
31.737800 
26.306118 
27.849760 
30.729431 
25.889966 
25.048611 
41.581823 
1.517673 
12.853424 
33.868318 
21.249312 
31.801883 
