44.828497 
22.354311 
14.842950 
25.552100 
31.499162 
28.897044 
7.046792 
24.551820 
17.653875 
5.756798 
24.404400 
23.302312 
24.111671 
25.703167 
31.520263 
19.035152 
23.354280 
19.128088 
34.725254 
15.376109 
15.746207 
4.375373 
31.390066 
22.070244 
10.629979 
20.618659 
29.063805 
35.919186 
15.785649 
12.030282 
29.024627 
17.944995 
28.424610 
2.809362 
15.702062 
11.887135 
9.810335 
29.286802 
19.619568 
14.324322 
18.366375 
28.910618 
15.580949 
9.496735 
30.814309 
13.733955 
18.579397 
19.637906 
0.778085 
11.907728 
24.305141 
25.648376 
18.244888 
41.155009 
20.498253 
17.809726 
0.939985 
6.081078 
24.558724 
24.572576 
24.261768 
6.861585 
6.023172 
10.746702 
21.967823 
8.012018 
8.030996 
38.234045 
25.758554 
17.681330 
40.936703 
18.208344 
16.393776 
10.603684 
1.728700 
30.484401 
9.469924 
12.601817 
14.350708 
12.674052 
19.394731 
22.043535 
10.581511 
32.619436 
14.636908 
13.748722 
33.550756 
24.168450 
28.709376 
17.360810 
28.373226 
28.984390 
4.119179 
9.135674 
27.529862 
24.024757 
12.685667 
15.535127 
13.879304 
16.380113 
10.986455 
8.042912 
8.277728 
10.729093 
9.299856 
18.110036 
13.423601 
11.634766 
6.728505 
7.421635 
13.343760 
5.855329 
15.903980 
6.167551 
10.459274 
17.379852 
1.506492 
6.673230 
18.606739 
3.593538 
15.355934 
15.350174 
10.760224 
12.342996 
18.306866 
7.436699 
14.617198 
13.801742 
8.558002 
16.267500 
4.279794 
7.967126 
17.611936 
11.904467 
1.506055 
3.821116 
11.457146 
9.029567 
12.889654 
1.743483 
17.598653 
14.028896 
4.634147 
26.011212 
5.277077 
10.542080 
15.983929 
10.500734 
17.973444 
8.078222 
12.986264 
15.960735 
29.898781 
16.682052 
9.523326 
7.346951 
6.212745 
3.689689 
6.154289 
13.199244 
13.015276 
10.616377 
1.772076 
14.944169 
12.475375 
16.184890 
12.869469 
13.589877 
12.220879 
12.576619 
15.700598 
23.820689 
2.487717 
9.533218 
14.531281 
9.660618 
20.481797 
