28.933606 
21.535295 
14.886291 
14.054557 
21.352828 
7.306382 
23.619561 
6.743527 
21.812840 
17.779061 
31.615376 
20.943016 
24.812009 
23.668936 
14.139885 
32.497277 
19.311073 
19.519321 
5.141193 
8.633623 
20.878231 
8.304471 
17.335039 
3.833878 
31.672045 
17.598871 
12.231881 
30.682915 
25.592690 
20.650912 
11.417118 
27.692807 
22.694353 
5.758461 
16.771358 
10.682117 
32.853973 
13.742087 
15.765039 
22.541050 
30.279807 
9.526299 
2.662482 
9.834024 
8.331888 
27.787504 
14.611483 
43.082763 
19.377790 
22.245760 
15.939508 
20.085957 
31.996746 
3.906486 
10.688443 
25.586619 
10.759350 
17.363270 
18.957587 
28.226913 
28.109936 
42.385149 
14.327850 
21.550454 
7.272072 
30.193260 
17.024370 
12.549787 
37.806034 
44.049360 
36.288278 
28.776812 
31.955420 
21.887820 
8.850020 
16.246715 
18.116857 
25.883011 
28.940277 
27.655869 
22.270211 
22.739345 
27.771282 
30.163323 
30.933494 
29.274044 
21.241447 
39.523959 
18.072581 
48.012428 
22.322143 
23.916036 
44.196671 
33.996593 
13.052370 
20.655354 
23.703721 
10.873661 
19.821136 
18.715176 
40.510077 
10.710202 
13.302683 
35.279108 
15.861892 
28.655303 
21.909606 
4.888705 
15.953791 
23.839546 
25.751945 
12.701349 
11.764385 
6.623240 
27.996539 
12.813907 
35.249116 
1.751454 
6.158680 
37.013769 
31.957473 
44.331036 
13.229033 
14.340310 
13.602286 
10.766575 
34.907134 
28.966062 
4.873714 
12.463762 
31.935062 
33.297759 
13.286555 
7.081847 
23.924499 
15.894961 
31.210039 
6.843332 
32.213836 
24.015337 
31.330463 
24.734086 
8.423172 
22.586943 
32.716545 
33.613370 
33.754316 
34.370180 
12.270264 
19.378912 
23.327704 
26.697126 
25.549900 
33.618397 
10.733391 
29.639335 
