29.086302 
22.871048 
14.303113 
16.276871 
19.337608 
6.637126 
21.660893 
6.614401 
21.025546 
21.040841 
36.813831 
20.845178 
29.614428 
24.162106 
14.412283 
32.822008 
20.803815 
16.468375 
4.709633 
6.459359 
21.272564 
6.337073 
19.303842 
3.014958 
44.806700 
18.956116 
10.152254 
31.198921 
25.219368 
28.663202 
7.633782 
30.808631 
25.482601 
6.277634 
17.259673 
8.096165 
35.400318 
10.418539 
14.046473 
21.912010 
35.337482 
7.761722 
2.591985 
9.780456 
6.780065 
29.619107 
13.863859 
52.112798 
22.157275 
24.055073 
15.043477 
21.926222 
32.945996 
3.536563 
9.018446 
28.709053 
12.245110 
18.797766 
18.088149 
28.930037 
24.902034 
42.788287 
13.794032 
19.316696 
5.480320 
31.057713 
15.473899 
11.443632 
40.148155 
49.507012 
51.232585 
29.046058 
33.898772 
18.139616 
6.525337 
14.283381 
17.842334 
29.415356 
31.051313 
26.079702 
17.902139 
20.162133 
35.056456 
31.570406 
33.125077 
31.989075 
38.650432 
46.056640 
17.951142 
54.674423 
23.475345 
26.435283 
51.848745 
33.227204 
14.122631 
18.318053 
25.752271 
12.575538 
24.654113 
22.352578 
41.185597 
8.897466 
16.335927 
36.685195 
14.852518 
29.937325 
18.186829 
4.308455 
15.767278 
25.078705 
32.260435 
14.374429 
10.895353 
5.290371 
25.644115 
11.547489 
36.563618 
1.771914 
5.250227 
37.648964 
32.700303 
51.531843 
13.481258 
13.183890 
12.871423 
11.297770 
42.087819 
29.176925 
4.062836 
11.865301 
34.068671 
39.090181 
14.628281 
5.679241 
19.472127 
14.807812 
33.286167 
6.171529 
35.259380 
28.731920 
32.087306 
32.101130 
5.354518 
29.120489 
30.548878 
37.417256 
35.088101 
35.169018 
11.764902 
23.181208 
24.691460 
30.470610 
28.281915 
32.768302 
8.941506 
32.499333 
