18.66666667
1.9
21.2
52.1
2.166666667
70.56666667
38
24.262295
43.8
4.8
13.5
65.46666667
49.4
36.43333333
7.666666667
34.33333333
56.56666667
16.33333333
8.733333333
14.631148
26.06666667
6.5
8.166666667
5.466666667
6.3
12.73333333
15.06666667
54
66.63333333
9.008197
18.040984
0.557377
5.032787
2.4
20.7
40.86666667
11.36666667
10.3
42.2
7.833333333
7.333333333
13.63333333
15.36666667
8.9
46.83333333
3.1
3.4
42.93333333
4.1
9.803279
18.07377
15.03333333
5.9
54.83333333
62.76666667
3.590164
5.233333333
17.532787
15.66666667
13.03333333
8.409836
7.533333333
17.06666667
23.1
22.491803
3.934426
11.66666667
33.86666667
31.36666667
8.033333333
41.9
15.66666667
4.098361
4.266666667
36.73333333
5.377049
18.03333333
1.566666667
49
39.93333333
31
17.303279
37.93333333
26.2
5.196721
1.7
43.63333333
16
45.9
16
49.93333333
45.4
3.295082
1.262295
11.4
30.76666667
21.8
28.688525
34.03333333
15.7
5.844262
11.53333333
20.26666667
46.1
14.2
32.76666667
6.366666667
3.1
13.909836
13.909836
7.877049
48.86666667
14.1
8.533333333
8.866666667
10.172131
7.401639
13.06666667
25.4
5.655738
32.96666667
40.53333333
13.23333333
6.4
45.96666667
37.1
13.8
37.4
12.83333333
49.6
1.581967
13.86666667
45.66666667
0.366666667
8.1
2.672131
7.233333333
17.07377
8.333333333
11.7
10.4
25.1
7.065574
10.770492
35.43333333
14.204918
5.901639
17.36666667
52.3
3.666666667
5.5
24.96666667
3.566666667
11.557377
7.704918
31.43333333
10.942623
12.237705
13.66666667
16.434426
10.721311
11.2
34.56666667
5.166666667
13.07377
36.6
4.688525
1.721311
6.57377
10.53333333
4.278689
36.9
0.733333333
9.590164
36.8
2.933333333
5.57377
9.098361
43.23333333
13.07377
24.36666667
4.066666667
29.16666667
1.606557
8.590164
10.6
0.566666667
10.23333333
5.344262
13.204918
24.06666667
36.66666667
14.729508
47.46666667
36.46666667
9.516393
36.6
24.96666667
19.8
7.196721
10.2
3.196721
47.83333333
11.565574
17.54918
49.96666667
41.8
6.163934
19.5
35.86666667
2.833333333
14.844262
7.966666667
35.16666667
23.93333333
3.7
39.96666667
44.13333333
8.466666667
36
7.909836
4.803279
20.93333333
44.46666667
32.8
18.16666667
36.03333333
33.36666667
1.95082
5.655738
38.33333333
16.254098
2.770492
2.229508
5.040984
35.46666667
36.7
2.533333333
24.36666667
34.8
0.803279
11.54918
3.766666667
36.23333333
26.83333333
28.4
32.9
26.23333333
0.566666667
6.07377
20.23333333
37.4
6.122951
19.3
13.16666667
7.8
4.737705
10.5
14.33333333
6.066666667
5.581967
40.1
44.53333333
42.03333333
22.16666667
15.23333333
42.33333333
12.06666667
16.46666667
12.7
41.36666667
5.45082
34.9
44.83333333
4.5
17.8
3.016393
29.36666667
39.1
35.4
42.06666667
2.401639
12.07377
3.254098
34.26666667
28.1
8.581967
5.696721
40.63333333
18.8
21.93333333
32.13333333
44.53333333
6.666666667
19.5
35.96666667
39.53333333
9.54918
1.704918
41.66666667
14.76666667
42.36666667
14.7
5.778689
14
28.1
1.333333333
38.2
41.7
13.96666667
36.43333333
33.96666667
38.9
15.83333333
29.86666667
32.36666667
33.03333333
4.581967
13.53333333
39.4
7.237705
26.13333333
6.836066
2.622951
23.53333333
36.53333333
2.090164
7.2
7.032787
37.56666667
6.131148
1.5
36.03333333
