74.1
55.8
32.6
31.467213
13.73333333
39.1
39.8
8.133333333
38.860656
62.66666667
34.434426
8.844262
60.7
23.3
27.311475
8.778689
4.909836
33.344262
3.4
38.93333333
35.1
44.46666667
29.278689
6.286885
65.7
16.909836
37.06666667
53.1
25.33333333
70.46666667
21.47541
39.180328
66.16666667
63.1
29.45082
4.713115
63.8
5.57377
7.680328
11.237705
60.2
2.229508
10.844262
58.7
4.713115
10.13333333
24.262295
64.26666667
66.5
2.377049
5.360656
48.43333333
37
0.377049
13.745902
27.639344
8.614754
14.9
32.56666667
25.8
3.9
54.5
11.1
8.5
5.934426
52.4
47.73333333
24.03333333
43.6
16
36.76666667
42.6
29.1
8.866666667
8.5
4.133333333
20.93333333
29.26666667
65.93333333
8.713115
68.73333333
28.655738
25.8
29.983607
23.622951
5.7
72.73333333
62.7
13.696721
65.46666667
12.73333333
15.06666667
66.63333333
40.86666667
33.86666667
5.377049
17.303279
37.93333333
11.4
28.688525
46.1
13.909836
7.877049
48.86666667
7.401639
49.6
7.065574
5.901639
24.96666667
13.66666667
13.07377
1.721311
24.36666667
13.204918
9.516393
11.565574
44.46666667
1.95082
6.07377
7.8
4.737705
22.16666667
15.23333333
3.016393
3.254098
6.666666667
42.36666667
33.96666667
32.36666667
4.581967
26.13333333
23.53333333
36.53333333
2.090164
7.032787
24.63333333
39.56666667
3.344262
32.66666667
32.1
35.33333333
35
9.766666667
10.2
33.5
29.73333333
41.66666667
40.5
23.56666667
39.56666667
11.139344
5.966666667
22.1
10.16666667
3.366666667
29.6
