13.76666667
54.3
56.2
1.4
6.57377
59.63333333
2.4
55.83333333
23.622951
22.5
9.8
11.03333333
29.73333333
3.401639
24.5
0.466666667
30.1
21.63333333
8.966666667
18.303279
5.7
3.133333333
9.166666667
17.83333333
53.5
0.533333333
53.1
4.1
37.1
11.66666667
26.66666667
5.9
6.540984
15.9
2.633333333
58.93333333
22.23333333
4.833333333
27.66666667
72.73333333
6.3
15
62.8
6.933333333
5.52459
32.1
3.066666667
4.166666667
62.7
36.56666667
61.86666667
60.46666667
32.2
51.9
46.76666667
61.63333333
43.33333333
12.86666667
13
41.06666667
8.733333333
13.696721
21.23333333
39.5
7.4
11.07377
0.966666667
6.877049
18.66666667
12.7
8.133333333
3.966666667
7.566666667
6.533333333
6.766666667
61.66666667
1.9
21.2
21.46666667
16.1
52.1
2.166666667
70.56666667
6.9
68.9
28.86666667
59.76666667
38
24.262295
43.8
20.43333333
10.5
4.8
58.4
13.5
65.46666667
49.4
36.43333333
65.76666667
7.666666667
34.33333333
56.56666667
5.866666667
8.4
16.33333333
15.368852
2.133333333
8.733333333
14.631148
26.06666667
52.06666667
49.4
6.5
38.33333333
8.166666667
5.466666667
6.3
0
12.73333333
15.06666667
54
66.63333333
9.008197
0.833333333
7.133333333
12.73333333
18.040984
7.233333333
0.557377
57.6
46.5
53.43333333
56.46666667
5.032787
2.4
13.26666667
20.7
26.33333333
40.86666667
11.26666667
11.36666667
13.76666667
10.3
0.866666667
42.2
7.833333333
7.333333333
42.8
13.63333333
5.7
15.36666667
8.9
19.6
46.83333333
27.2
3.1
55.4
3.4
23.76666667
38.1
0.433333333
42.93333333
4.1
9.803279
13.53333333
18.07377
15.03333333
66.56666667
5.9
53.93333333
54.83333333
9.133333333
62.76666667
54.83333333
3.590164
5.233333333
17.532787
15.66666667
13.03333333
8.409836
37.56666667
7.533333333
17.06666667
36.46666667
14.73333333
47.83333333
23.1
22.491803
33.1
7.333333333
3.934426
3.566666667
8.633333333
11.66666667
33.86666667
24.1
31.36666667
8.033333333
11.16666667
34.5
17.2
50.4
51.6
41.9
15.66666667
43.4
4.098361
4.266666667
36.73333333
29
5.377049
18.03333333
26.786885
1.566666667
56.5
49
5.866666667
39.93333333
31
17.303279
37.93333333
26.2
10.6
16.8
5.196721
20
33.36666667
7.233333333
22.23333333
1.7
43.63333333
16
45.9
60.26666667
16
49.93333333
45.4
10.96666667
3.295082
1.262295
50
11.4
30.76666667
22.36666667
17.63333333
21.8
28.688525
19.96666667
26.1
34.03333333
2.8
0.266666667
15.7
5.844262
11.53333333
1.866666667
36.76666667
20.26666667
46.1
18.03333333
14.2
32.76666667
6.366666667
3.1
38.13333333
13.909836
16.336066
6.733333333
13.909836
7.877049
48.86666667
14.1
23.63333333
24.26666667
8.866666667
8.533333333
8.866666667
32.8
10.172131
6.647541
7.401639
13.06666667
25.13333333
25.4
3
5.655738
32.96666667
40.53333333
13.23333333
6.4
45.96666667
16.73333333
22.96666667
12.4
1.733333333
20.6
37.1
13.8
2.6
7
37.4
24.46666667
4.745902
6.933333333
35.6
12.83333333
49.6
1.581967
23.46666667
18.96666667
13.86666667
44.86666667
5.270492
45.66666667
3.033333333
44.96666667
36.23333333
0.366666667
8.1
29.1
45.53333333
40.83333333
10.9
21.76666667
2.672131
7.233333333
17.07377
8.333333333
11.7
10.4
34.7
35.93333333
25.1
7.065574
10.770492
31.56666667
25.46666667
35.43333333
39.73333333
14.204918
15.63333333
5.901639
17.36666667
44.13333333
52.3
3.666666667
42.73333333
5.5
35
24.96666667
36.23333333
35.63333333
3.566666667
11.557377
7.704918
31.43333333
10.942623
12.237705
1
13.66666667
52.33333333
50.1
0.233333333
16.434426
48.83333333
42.5
10.721311
35.2
11.2
34.56666667
5.166666667
45.36666667
13.07377
49.16666667
36.6
4.688525
1.721311
6.57377
10.53333333
4.278689
36.9
0.733333333
9.590164
36.8
2.933333333
5.57377
9.098361
43.23333333
13.07377
24.36666667
18.36666667
4.066666667
29.16666667
1.606557
8.590164
10.6
0.566666667
10.23333333
5.344262
13.204918
24.06666667
36.66666667
14.729508
50.43333333
47.46666667
36.46666667
9.516393
36.6
20.8
15.319672
24.96666667
19.8
7.196721
10.2
3.196721
47.83333333
11.565574
17.54918
49.96666667
36.83333333
41.8
6.163934
19.5
35.86666667
2.833333333
21.46666667
4.754098
18.6
14.844262
7.966666667
35.16666667
23.93333333
3.7
39.96666667
44.13333333
8.466666667
36
7.909836
4.803279
20.93333333
44.46666667
32.8
18.16666667
36.03333333
33.36666667
1.95082
8.166666667
5.655738
38.33333333
16.254098
6.418033
2.770492
40.93333333
2.229508
5.040984
35.46666667
36.7
2.533333333
3.866666667
26.93333333
24.36666667
34.8
37.56666667
0.803279
11.54918
3.766666667
36.23333333
26.83333333
22.96666667
28.4
32.9
45.83333333
26.23333333
0.566666667
6.07377
20.23333333
37.4
6.122951
19.3
13.16666667
