25.53333333
26.1
26.13333333
26.26666667
26.319672
26.33333333
27.2
27.33333333
27.7
27.93333333
28.13333333
28.43333333
28.8
28.83333333
28.86666667
29
29.06666667
30.237705
30.33333333
30.66666667
30.95082
31.1
31.23333333
31.26666667
31.53333333
31.53333333
31.53333333
31.7
31.7
32.66666667
32.8
32.83333333
32.86666667
32.93333333
33.139344
33.36666667
33.43333333
33.56666667
33.8
34.5
34.7
34.86666667
35
35.2
35.2
35.6
35.63333333
35.83333333
35.93333333
36
36.23333333
36.4
36.46666667
36.46666667
36.63333333
36.7
36.76666667
37.1
37.1
37.5
37.56666667
37.83333333
37.9
38.1
38.13333333
38.16666667
38.33333333
38.43333333
38.66666667
39.286885
40.06666667
40.098361
40.53333333
40.56666667
40.8
40.83333333
40.93333333
41.03333333
41.2
41.4
41.53333333
41.6
41.66666667
41.66666667
41.8
42
42.36666667
42.46666667
