35.93333333
58.1
11.942623
34.73333333
41.33333333
11.2
47.33333333
2.566666667
38.3
5.366666667
3
12.532787
5.133333333
28.96666667
14.172131
47.93333333
7.066666667
0.533333333
30.96666667
32.6
0.442623
33.3
62.03333333
60.43333333
15.516393
50.23333333
46.23333333
7.266666667
4.633333333
36.1
22.2
11.06666667
8.7
54.3
55.83333333
9.8
29.73333333
24.5
0.466666667
3.133333333
15.9
4.833333333
27.66666667
62.8
6.933333333
32.2
43.33333333
21.23333333
39.5
7.4
11.07377
0.966666667
8.133333333
21.46666667
6.9
68.9
5.866666667
8.4
52.06666667
0
