36.86666667
11.3
3.491803
20.6
34.5
37.5
6.196721
28.4
7.6
33.66666667
33
30.8
34.93333333
28.93333333
35.93333333
34.3
20.2
11.4
35.9
34.8
14.06666667
2.688525
31.7
31.93333333
35.36666667
26.2
33.53333333
4.4
4.9
12.4
31.96666667
31.96666667
6.5
1.868852
36.8
10.07377
21.96666667
17.1
18.4
36.96666667
2.333333333
32.83333333
9.278689
25.76666667
7.278689
36.6
38.36666667
21.16666667
0.377049
2.934426
3.147541
6.9
24
33.4
16.83333333
24.33333333
4.163934
6.5
25.16666667
33.56666667
32.3
26.83333333
30.06666667
22.6
29.83333333
10.3
1.833333333
30.56666667
30.16666667
29.63333333
21.23333333
28.9
9.033333333
31.13333333
1.377049
23.76666667
23.63333333
15.2
26.96666667
12.9
8.9
23.93333333
29.7
43.5
17.3
35.93333333
17.73333333
15.06666667
5.233333333
10.86666667
38.368852
17.5
15.83333333
10.3
12.56666667
13.63333333
55.1
17.56666667
10.540984
7.066666667
18.139344
7.270492
15.614754
30.83333333
11.4
35.26666667
11.5
5.933333333
2.262295
23.56666667
3.147541
7.811475
50.13333333
5.163934
7.133333333
19.03333333
0.633333333
5.866666667
16.4
2.811475
15.07377
12.54918
12.336066
7.066666667
35.319672
3.040984
2.639344
19.26666667
17.16666667
50.76666667
0.754098
4.4
19.081967
10.680328
1.6
6.8
10.680328
44.73333333
35.93333333
0.967213
13.97541
31.96666667
10.401639
48.76666667
1.6
6.639344
10.385246
5.557377
20.7
1.770492
13.270492
4.366666667
2.933333333
6.1
1.204918
0.933333333
9.2
2.4
6.540984
6.3
32.1
6.877049
2.166666667
13.5
36.43333333
16.33333333
7.333333333
15.36666667
46.83333333
9.803279
18.07377
62.76666667
3.590164
31.36666667
36.73333333
5.196721
43.63333333
