25.065556 
23.181419 
29.720527 
28.997574 
30.697455 
27.775182 
23.068148 
6.671652 
21.036490 
22.384046 
29.308460 
32.963050 
24.123567 
30.888245 
31.550409 
29.442620 
16.390719 
18.420152 
27.780947 
33.988214 
44.703867 
6.389842 
37.768736 
17.706567 
23.309061 
43.414059 
25.294335 
32.878132 
23.872458 
30.250921 
24.971011 
23.354920 
17.365141 
43.887781 
25.275835 
18.323292 
27.682826 
8.726273 
35.771135 
40.256295 
20.266541 
33.608414 
17.578441 
27.325102 
25.918777 
33.510346 
28.057070 
