11.427062 
11.189750 
12.062836 
10.664067 
11.955078 
10.188675 
10.611187 
4.069077 
8.525082 
7.754733 
9.928464 
8.282974 
12.035494 
11.101818 
10.046351 
10.971721 
10.909073 
7.861217 
9.242990 
9.965588 
11.615955 
14.384029 
10.858925 
11.146996 
10.714650 
9.482881 
12.161353 
10.979590 
11.700784 
10.972872 
10.433503 
12.596966 
8.343729 
12.254986 
10.103174 
10.377437 
11.426694 
12.925401 
11.378893 
11.331499 
12.382200 
11.989644 
8.758953 
11.570285 
10.493320 
10.149516 
8.349131 
