15.844479 
14.123637 
8.060744 
10.874203 
13.934855 
5.013005 
15.375799 
3.426848 
12.887524 
8.804176 
27.877716 
14.086134 
14.360812 
16.323013 
10.786231 
30.040753 
11.110130 
9.575111 
5.232805 
5.570478 
13.901286 
5.692461 
13.711377 
3.065174 
23.626414 
13.953948 
5.275386 
13.377979 
19.600183 
12.101597 
5.644450 
16.589836 
12.441664 
5.595541 
17.747771 
11.426658 
24.244664 
7.357169 
12.692847 
14.770693 
15.687192 
5.758124 
3.840240 
5.690428 
7.593596 
20.623487 
9.796567 
18.249504 
11.399525 
12.300394 
13.942898 
13.181658 
22.753299 
4.435843 
5.759292 
15.306609 
5.875326 
10.734186 
13.031679 
16.904686 
15.546704 
23.434336 
13.390364 
11.791350 
5.970629 
22.192104 
11.579604 
7.310377 
18.586053 
32.813532 
15.844184 
17.245356 
24.281184 
11.293338 
10.566019 
12.162598 
11.400115 
14.064062 
28.243250 
16.214635 
12.865711 
14.680457 
21.094104 
13.271459 
17.174159 
13.798846 
12.558615 
19.465184 
12.630785 
21.449645 
15.162029 
16.251683 
24.799376 
18.376184 
5.609506 
13.550052 
10.501140 
5.807421 
13.358626 
17.989424 
13.358578 
7.318180 
11.498051 
15.208372 
14.889820 
16.388825 
13.278781 
6.466935 
9.192702 
16.532940 
13.207427 
10.012284 
6.276946 
5.080447 
12.118699 
11.768796 
16.045879 
1.930364 
6.041284 
16.536594 
30.942425 
14.725422 
9.716969 
9.653799 
11.282390 
9.557215 
14.048911 
15.296274 
4.132073 
11.277439 
19.980766 
42.053132 
14.655234 
4.854065 
14.628914 
14.279971 
19.547939 
5.921406 
30.632967 
15.353638 
21.748000 
17.794774 
5.312668 
16.782845 
20.428222 
31.230242 
20.048256 
21.375875 
7.212076 
13.304520 
13.118951 
14.080681 
12.732665 
24.184034 
7.575944 
35.650219 
