46.703091 
15.618578 
14.720404 
34.935854 
33.760678 
29.646551 
7.419313 
23.464425 
21.079892 
6.089264 
23.361871 
23.356118 
23.986397 
32.945596 
34.745857 
21.589843 
22.309430 
17.215051 
38.934385 
16.568302 
17.456343 
3.171408 
32.353439 
22.088742 
10.216226 
19.296082 
27.709404 
40.799920 
19.085660 
11.679214 
29.253355 
22.952441 
31.589052 
2.431418 
16.317438 
13.148274 
10.324764 
30.495531 
23.862648 
13.704693 
20.774313 
30.796523 
16.443074 
9.269081 
34.060404 
14.471450 
22.058700 
22.484428 
0.698757 
9.875203 
29.744366 
25.489560 
19.422968 
45.348628 
21.728140 
16.594419 
0.759528 
5.940079 
28.957439 
27.280449 
28.936018 
6.928177 
4.931556 
12.393161 
22.214430 
7.561641 
7.604981 
46.416801 
26.989797 
17.809829 
41.412862 
26.715402 
17.204800 
10.837486 
1.732735 
31.241003 
6.628912 
9.265881 
12.834975 
16.817407 
20.988019 
25.766430 
11.102536 
34.198587 
14.317587 
13.161353 
39.074472 
23.958485 
30.171059 
17.791895 
28.235074 
30.350236 
3.457452 
8.066742 
29.930472 
29.662216 
11.371119 
16.746493 
14.430648 
16.801499 
8.341829 
8.414890 
6.465330 
8.815972 
7.119242 
19.752099 
16.491596 
10.305638 
4.039396 
7.556494 
14.059371 
5.331665 
15.716210 
5.002815 
9.510802 
16.900196 
1.610217 
6.229158 
19.790654 
3.158632 
15.969567 
13.778998 
9.878129 
13.621760 
18.286168 
6.897100 
16.547991 
13.204979 
9.943444 
14.754054 
3.665854 
6.558868 
21.282664 
11.942682 
1.637360 
3.655847 
10.381738 
8.407577 
14.398068 
2.391413 
17.819965 
14.689635 
4.110797 
30.635721 
4.327090 
9.186102 
18.163087 
12.907999 
19.150104 
6.645849 
13.924656 
16.317405 
37.514507 
16.142495 
6.422766 
7.436814 
4.977093 
3.072005 
5.678856 
11.883224 
11.664522 
9.426750 
0.779893 
13.734183 
12.163167 
16.306183 
17.636682 
13.720242 
10.459642 
16.206847 
16.100956 
29.531399 
2.335637 
6.649699 
14.527568 
8.774639 
19.217018 
