14.123637 
10.874203 
13.934855 
12.887524 
27.877716 
14.086134 
14.360812 
10.786231 
30.040753 
11.110130 
9.575111 
13.711377 
3.065174 
13.953948 
13.377979 
12.101597 
5.644450 
16.589836 
17.747771 
11.426658 
7.357169 
12.692847 
14.770693 
5.758124 
3.840240 
7.593596 
9.796567 
12.300394 
13.942898 
4.435843 
5.759292 
15.306609 
5.875326 
13.031679 
5.970629 
10.566019 
16.214635 
14.680457 
13.271459 
17.174159 
12.630785 
18.376184 
5.609506 
13.550052 
10.501140 
5.807421 
13.358626 
17.989424 
13.358578 
7.318180 
11.498051 
14.889820 
13.278781 
6.466935 
9.192702 
13.207427 
10.012284 
5.080447 
12.118699 
11.768796 
1.930364 
6.041284 
30.942425 
14.725422 
9.716969 
9.653799 
11.282390 
11.277439 
4.854065 
14.628914 
5.921406 
5.312668 
13.118951 
