22.354311 
14.842950 
7.046792 
17.653875 
23.354280 
19.128088 
15.746207 
4.375373 
10.629979 
20.618659 
35.919186 
15.785649 
12.030282 
17.944995 
2.809362 
11.887135 
9.810335 
29.286802 
19.619568 
15.580949 
9.496735 
30.814309 
19.637906 
0.778085 
11.907728 
24.305141 
18.244888 
20.498253 
17.809726 
0.939985 
6.081078 
6.861585 
10.746702 
8.012018 
8.030996 
16.393776 
1.728700 
9.469924 
12.601817 
14.350708 
12.674052 
22.043535 
14.636908 
17.360810 
28.373226 
28.984390 
4.119179 
9.135674 
27.529862 
24.024757 
12.685667 
15.535127 
13.879304 
10.986455 
8.042912 
8.277728 
9.299856 
18.110036 
13.423601 
11.634766 
6.728505 
13.343760 
5.855329 
6.167551 
10.459274 
17.379852 
1.506492 
18.606739 
3.593538 
15.355934 
15.350174 
10.760224 
12.342996 
18.306866 
7.436699 
14.617198 
13.801742 
8.558002 
16.267500 
4.279794 
7.967126 
17.611936 
11.904467 
1.506055 
3.821116 
11.457146 
9.029567 
12.889654 
1.743483 
17.598653 
4.634147 
5.277077 
10.542080 
15.983929 
10.500734 
17.973444 
8.078222 
12.986264 
15.960735 
29.898781 
9.523326 
6.212745 
3.689689 
6.154289 
13.015276 
10.616377 
1.772076 
14.944169 
12.475375 
16.184890 
13.589877 
12.220879 
12.576619 
15.700598 
2.487717 
9.660618 
