15.618578 
14.720404 
7.419313 
21.079892 
22.309430 
17.215051 
17.456343 
3.171408 
10.216226 
19.296082 
40.799920 
19.085660 
11.679214 
22.952441 
2.431418 
13.148274 
10.324764 
30.495531 
23.862648 
16.443074 
9.269081 
34.060404 
22.484428 
0.698757 
9.875203 
29.744366 
19.422968 
21.728140 
16.594419 
0.759528 
5.940079 
6.928177 
12.393161 
7.561641 
7.604981 
17.204800 
1.732735 
6.628912 
9.265881 
12.834975 
16.817407 
25.766430 
14.317587 
17.791895 
28.235074 
30.350236 
3.457452 
8.066742 
29.930472 
29.662216 
11.371119 
16.746493 
14.430648 
8.341829 
8.414890 
6.465330 
7.119242 
19.752099 
16.491596 
10.305638 
4.039396 
14.059371 
5.331665 
5.002815 
9.510802 
16.900196 
1.610217 
19.790654 
3.158632 
15.969567 
13.778998 
9.878129 
13.621760 
18.286168 
6.897100 
16.547991 
13.204979 
9.943444 
14.754054 
3.665854 
6.558868 
21.282664 
11.942682 
1.637360 
3.655847 
10.381738 
8.407577 
14.398068 
2.391413 
17.819965 
4.110797 
4.327090 
9.186102 
18.163087 
12.907999 
19.150104 
6.645849 
13.924656 
16.317405 
37.514507 
6.422766 
4.977093 
3.072005 
5.678856 
11.664522 
9.426750 
0.779893 
13.734183 
12.163167 
16.306183 
13.720242 
10.459642 
16.206847 
16.100956 
2.335637 
8.774639 
