21.700883 
30.669970 
30.759493 
23.073686 
7.131555 
33.098456 
3.689689 
20.810339 
30.933494 
22.855053 
39.591189 
7.291076 
15.840241 
7.148107 
36.126098 
11.653268 
26.561873 
16.713137 
31.004895 
25.400243 
29.274044 
29.411399 
6.759177 
12.279272 
18.205367 
0.873766 
23.497970 
7.022975 
10.622727 
19.509406 
12.964262 
12.193685 
6.154289 
29.405018 
5.704926 
22.193553 
30.599736 
33.039440 
11.574219 
21.241447 
13.199244 
13.957058 
28.769451 
29.045944 
17.146231 
13.015276 
6.055062 
6.068584 
39.523959 
19.788572 
23.430864 
10.975147 
23.302474 
30.844723 
38.833873 
19.468143 
22.073162 
4.939383 
15.685715 
21.080370 
42.643391 
18.072581 
18.693662 
14.001057 
17.087076 
13.658242 
21.889117 
10.616377 
22.702421 
22.921116 
12.071025 
21.897229 
32.775437 
34.615006 
27.419653 
23.725563 
2.069909 
22.510302 
29.516749 
26.639983 
23.165159 
1.772076 
27.875819 
22.910412 
35.707594 
13.372996 
22.193406 
3.762944 
8.176222 
17.233086 
14.770400 
22.906017 
6.980728 
33.892244 
14.944169 
48.012428 
8.373506 
12.475375 
11.163748 
27.053303 
13.112047 
15.886381 
26.865364 
22.576535 
16.184890 
22.012057 
15.927408 
6.232961 
12.439954 
15.784214 
24.326628 
33.608414 
2.076015 
32.963050 
7.757935 
12.086790 
7.145221 
24.134357 
22.322143 
23.916036 
34.961945 
44.196671 
15.767735 
2.151579 
38.942730 
11.767127 
19.834096 
24.158625 
2.230423 
35.600161 
9.963277 
29.377318 
30.283052 
7.267291 
10.437457 
14.790404 
21.120438 
12.807378 
33.996593 
24.104957 
9.981576 
17.743647 
6.579648 
25.029534 
25.617571 
16.193284 
12.869469 
23.872458 
15.881398 
8.427774 
13.589877 
23.333264 
18.328827 
12.220879 
31.053261 
3.682708 
34.971550 
4.869189 
22.293425 
23.665672 
13.978676 
13.407734 
3.685883 
12.576619 
31.454118 
15.700598 
10.018138 
24.871858 
3.083035 
38.125800 
22.993808 
35.333443 
23.820689 
17.381636 
2.487717 
11.078482 
5.686882 
1.595616 
11.023478 
10.849001 
6.671652 
25.040686 
14.533933 
20.631302 
10.514722 
18.323292 
39.215386 
8.135222 
39.654818 
25.517921 
14.133004 
19.154919 
39.566527 
16.835458 
13.052370 
14.155111 
9.533218 
17.789580 
14.509824 
23.740542 
35.394679 
28.057070 
30.468342 
19.919327 
17.049729 
30.250921 
12.594221 
7.582467 
14.531281 
24.225924 
20.655354 
30.898210 
35.465157 
6.640321 
30.737583 
11.209804 
12.690070 
22.259721 
10.285724 
23.703721 
10.873661 
28.807362 
32.343367 
16.516865 
9.660618 
21.927554 
25.628474 
35.024570 
31.256743 
17.625718 
20.481797 
12.411986 
36.907590 
32.027477 
17.671331 
17.723690 
13.404814 
25.266423 
10.565435 
5.880503 
27.325102 
19.821136 
7.051161 
22.917005 
11.071256 
15.794970 
18.715176 
25.201314 
13.410822 
12.857338 
14.733300 
34.469511 
17.600933 
9.764602 
13.146456 
40.233632 
20.773536 
17.192421 
40.510077 
17.691845 
14.797150 
8.259217 
20.609775 
1.198478 
16.014957 
10.710202 
29.365082 
24.025679 
10.679550 
13.302683 
35.279108 
11.294328 
31.162686 
18.271372 
38.385679 
6.834323 
16.982248 
23.649719 
9.477840 
5.040407 
15.861892 
15.088986 
36.326914 
14.149277 
18.486501 
15.810137 
21.493067 
12.644766 
7.987330 
7.003228 
23.626042 
16.681832 
32.913280 
12.361505 
34.333290 
20.897324 
12.122155 
22.474354 
5.302276 
28.775340 
21.326419 
30.459955 
23.447247 
38.589420 
29.497579 
14.120446 
28.655303 
6.831437 
14.777760 
33.257380 
17.503051 
24.396097 
9.495277 
14.090428 
10.816311 
35.184694 
9.850673 
3.002957 
15.719659 
30.610368 
43.887781 
27.780947 
29.287376 
23.383426 
8.423946 
17.586247 
25.572742 
10.740254 
4.360330 
9.009039 
20.050861 
23.181419 
9.990181 
21.909606 
20.589415 
18.543308 
16.492533 
20.104926 
16.188247 
14.793120 
31.631513 
4.888705 
12.043657 
24.971011 
11.544094 
10.285819 
32.878132 
8.863945 
31.232653 
15.953791 
12.604608 
25.065556 
4.389238 
15.583033 
8.795102 
18.219353 
12.967029 
3.921803 
30.682419 
23.839546 
25.714156 
6.025752 
9.246521 
11.079282 
35.771135 
13.328494 
15.027544 
27.973198 
12.377530 
22.203951 
13.879126 
31.774710 
25.751945 
7.754976 
27.381687 
9.104212 
12.701349 
4.390890 
31.172671 
6.004886 
24.167483 
19.158075 
4.396271 
6.775845 
29.637182 
13.950886 
10.628887 
29.289460 
20.856091 
11.764385 
5.592418 
18.251457 
24.256809 
5.602673 
15.460501 
10.721616 
27.177541 
8.406192 
21.847877 
6.623240 
11.502599 
22.495919 
24.638143 
16.550604 
17.706334 
15.721941 
27.996539 
10.112721 
15.436713 
29.706028 
12.388643 
5.066140 
10.688840 
22.396993 
5.224233 
29.273611 
12.813907 
29.315410 
17.333605 
25.044060 
38.608577 
19.062090 
13.940697 
31.499135 
29.370059 
28.694774 
8.415583 
40.444006 
11.675376 
12.729252 
23.284529 
14.510139 
12.198315 
29.832373 
23.904944 
7.531854 
18.108893 
3.545757 
3.070715 
14.694005 
35.249116 
29.746327 
18.183221 
29.462544 
8.440033 
1.751454 
27.456914 
6.183152 
19.494432 
12.271876 
19.723885 
13.525433 
33.988214 
6.232343 
14.531989 
18.053292 
13.734741 
6.486790 
35.617549 
31.791188 
20.726074 
19.890692 
19.305701 
10.491588 
15.760512 
3.135065 
23.540120 
17.786119 
2.776186 
12.371266 
17.415416 
30.873613 
28.593515 
10.343034 
6.158680 
9.919342 
25.952374 
8.280406 
9.875584 
17.458451 
