9.871280 
8.837194 
10.385990 
9.659565 
11.026858 
9.619872 
12.197003 
9.701123 
10.601395 
11.313542 
12.812311 
13.053496 
12.375097 
9.598586 
11.403226 
10.842581 
9.314680 
12.418078 
10.883300 
7.362520 
13.545316 
7.751723 
9.370084 
12.684423 
12.331008 
10.998721 
12.873245 
11.902423 
12.769786 
8.887934 
10.245139 
12.097541 
10.247034 
11.308065 
10.408437 
9.131253 
8.557909 
11.608982 
11.169839 
10.458105 
13.220353 
9.834319 
12.936723 
9.305382 
9.870812 
10.189235 
11.427062 
13.148063 
11.189750 
12.062836 
10.664067 
11.955078 
10.188675 
11.339241 
7.200950 
10.611187 
10.788084 
8.358237 
7.307247 
13.423571 
4.069077 
8.525082 
11.981296 
7.754733 
10.807721 
9.928464 
8.282974 
12.035494 
11.838694 
11.101818 
6.935367 
10.046351 
10.971721 
10.909073 
7.861217 
9.242990 
9.965588 
8.115079 
13.179318 
11.615955 
12.623490 
14.384029 
10.858925 
11.146996 
10.714650 
12.350588 
12.354329 
9.482881 
