12.694707 
10.594583 
13.389028 
6.425039 
13.423414 
11.560007 
20.595441 
18.303289 
10.601453 
19.485297 
24.864999 
18.898021 
12.128534 
12.006642 
6.976158 
9.352095 
8.807511 
11.690299 
11.187831 
15.282705 
8.112497 
18.085503 
11.061546 
7.249856 
10.006604 
5.937215 
12.268698 
6.284377 
7.274351 
11.851316 
21.234399 
13.201649 
17.360296 
9.816569 
14.814463 
11.699673 
8.652822 
13.097304 
8.829866 
7.798989 
12.022475 
17.666193 
16.605975 
11.522308 
13.551107 
10.105635 
9.871466 
