22.627955 
2.161586 
29.514402 
22.881714 
0.779893 
29.411214 
3.032536 
7.330557 
17.899835 
6.882758 
13.734183 
54.674423 
7.714178 
12.163167 
26.500403 
16.117457 
17.388374 
16.306183 
5.526947 
10.454577 
20.146109 
1.579406 
7.003848 
13.136776 
5.960320 
23.475345 
26.435283 
40.688667 
51.848745 
15.764593 
21.902499 
2.198744 
7.479772 
10.283317 
23.693410 
33.227204 
7.645855 
5.871449 
27.355876 
18.037611 
17.636682 
15.804982 
13.720242 
27.932721 
10.459642 
3.685169 
4.426324 
13.985107 
4.094457 
16.206847 
16.100956 
8.619491 
0.782055 
23.127397 
29.531399 
2.335637 
8.790383 
4.969457 
1.640077 
11.077291 
11.921694 
23.347642 
14.627465 
43.741798 
6.763653 
14.292953 
17.953663 
14.122631 
6.649699 
18.452230 
20.821355 
21.465065 
10.689795 
6.826827 
14.527568 
18.318053 
29.704231 
6.123684 
10.565021 
24.029075 
10.561247 
25.752271 
12.575538 
29.870576 
8.774639 
18.524542 
19.217018 
11.422795 
47.418663 
22.690172 
17.882667 
11.258396 
9.038744 
4.891431 
24.654113 
7.061508 
15.961232 
22.352578 
12.778551 
31.462691 
9.739359 
13.759700 
17.890592 
41.185597 
16.153281 
6.707898 
23.382563 
1.031421 
8.897466 
10.454371 
16.335927 
36.685195 
13.635284 
5.426855 
19.375806 
8.841071 
14.852518 
15.716638 
13.712324 
20.934116 
21.854993 
12.759936 
5.884147 
6.890653 
24.900460 
14.394628 
23.366047 
23.750233 
12.815409 
29.937325 
6.118277 
15.647061 
16.705887 
2.512216 
16.492419 
9.020525 
16.500431 
23.530523 
9.936755 
4.250964 
8.538031 
9.018718 
18.186829 
22.459136 
23.529488 
14.814589 
4.308455 
12.358621 
12.033550 
9.937762 
9.220257 
15.767278 
3.740898 
15.747402 
8.238339 
15.741199 
13.312347 
3.592838 
25.078705 
13.986272 
19.130695 
13.329923 
27.787793 
15.802915 
32.260435 
25.711928 
9.028557 
14.374429 
3.927145 
36.189512 
4.601106 
20.564615 
19.464111 
3.559093 
5.449850 
30.322717 
13.412705 
10.797589 
29.430203 
21.033628 
10.895353 
20.032583 
26.078500 
5.277630 
16.185454 
9.664699 
28.137555 
8.324362 
20.557679 
5.290371 
14.200565 
29.004440 
30.722088 
18.700958 
17.037128 
25.644115 
10.513134 
11.918194 
4.758024 
12.333499 
21.782739 
4.791070 
35.003952 
11.547489 
38.620490 
17.232341 
42.710912 
20.769492 
14.372199 
34.443731 
29.812331 
11.979630 
12.663885 
23.997612 
15.661554 
10.723484 
29.555196 
22.709966 
8.420823 
17.652217 
3.139399 
1.916599 
15.569649 
36.563618 
32.699880 
14.507094 
30.678432 
7.252842 
1.771914 
5.174563 
20.585860 
15.710135 
13.134339 
6.213870 
14.111244 
21.325114 
10.725252 
7.018566 
20.830648 
21.725872 
8.285123 
18.925888 
2.959383 
21.786872 
19.245031 
10.151525 
19.388903 
28.941351 
10.149551 
5.250227 
10.694739 
28.225547 
6.363164 
9.072477 
19.878762 
37.648964 
32.700303 
21.391933 
14.933086 
29.538606 
10.674392 
16.483812 
34.030174 
17.464613 
51.531843 
13.481258 
28.985390 
17.480629 
12.601219 
11.474193 
34.717781 
11.966151 
21.776767 
17.470484 
21.735327 
24.038241 
13.183890 
24.723521 
39.262703 
29.448843 
17.202259 
5.445021 
4.964741 
12.871423 
23.134007 
5.160343 
14.335557 
5.342606 
9.125725 
6.070831 
29.607944 
39.370986 
20.357378 
11.297770 
8.779084 
33.376156 
24.574903 
6.308756 
1.787271 
19.834511 
9.286955 
42.087819 
10.368533 
13.032863 
27.571124 
10.828462 
25.431606 
35.176730 
33.080391 
22.112004 
20.189528 
29.176925 
22.053557 
43.787503 
20.678613 
4.062836 
16.390201 
11.865301 
29.167483 
33.469039 
14.610162 
34.068671 
27.997112 
10.517904 
39.090181 
14.628281 
5.679241 
31.792749 
19.472127 
17.832224 
9.430539 
15.001522 
21.651627 
