6.561680 
46.282669 
21.393367 
18.804757 
18.379145 
5.441702 
16.601162 
20.776058 
16.278027 
18.125983 
32.003988 
9.991285 
21.801339 
15.211942 
21.975507 
35.603879 
9.206794 
20.171723 
15.735662 
37.583448 
11.600019 
9.131918 
20.867887 
18.244432 
15.815146 
19.000692 
23.519252 
9.520871 
10.012479 
24.683954 
9.201259 
9.129559 
23.259533 
7.202574 
19.129886 
19.636204 
16.769799 
21.458845 
17.463334 
22.898841 
6.931473 
11.160714 
16.471616 
8.421798 
19.647800 
29.476628 
14.140716 
16.358558 
10.074152 
14.826835 
21.237430 
15.398043 
16.655076 
9.219242 
21.311004 
14.681971 
15.830712 
13.436836 
14.918970 
8.725137 
